1	7
1	8
1	2
1	6
9	19
9	23
9	26
9	16
9	21
9	28
9	14
9	15
9	24
9	18
30	36
30	40
30	45
30	48
30	41
30	44
30	46
30	35
30	33
30	39
51	68
51	59
51	53
51	63
51	70
51	65
51	57
51	54
51	55
51	58
72	77
72	83
72	89
72	85
72	75
72	78
72	81
72	74
72	82
72	76
93	105
93	107
93	94
93	109
93	113
93	100
93	111
93	96
93	98
93	108
94	128
94	130
94	124
94	120
94	93
94	121
94	123
94	96
94	129
94	119
131	150
131	145
131	147
131	133
131	136
131	137
131	146
131	135
131	143
131	138
132	150
132	145
132	147
132	133
132	136
132	137
132	146
132	135
132	153
132	138
101	105
101	154
101	99
101	94
101	158
101	155
101	157
101	93
101	163
101	160
11	19
11	23
11	26
11	25
11	27
11	13
11	10
11	17
11	29
11	18
164	184
164	167
164	183
164	174
164	169
164	173
164	178
164	179
164	168
164	165
185	191
185	190
185	196
185	192
185	186
185	197
185	204
185	195
185	200
185	189
133	144
133	131
133	141
133	136
133	132
133	142
133	149
133	134
133	148
133	138
12	23
12	26
12	11
12	25
12	27
12	13
12	10
12	17
12	29
12	18
206	219
206	216
206	226
206	207
206	217
206	218
206	224
206	225
206	211
206	208
227	241
227	230
227	233
227	240
227	244
227	229
227	235
227	245
227	232
227	239
246	265
246	253
246	252
246	257
246	264
246	256
246	250
246	249
246	248
246	254
29	271
29	277
29	273
29	275
29	280
29	284
29	286
29	268
29	283
29	270
287	305
287	292
287	291
287	294
287	300
287	303
287	299
287	290
287	297
287	302
209	219
209	216
209	310
209	214
209	206
209	217
209	218
209	224
209	225
209	211
311	325
311	324
311	317
311	318
311	319
311	321
311	312
311	328
311	313
311	315
332	344
332	347
332	311
332	338
332	333
332	312
332	314
332	336
332	339
332	315
100	348
100	353
100	352
100	99
100	94
100	356
100	114
100	355
100	357
100	349
267	271
267	277
267	358
267	275
267	280
267	29
267	286
267	268
267	283
267	270
359	378
359	367
359	360
359	370
359	374
359	362
359	379
359	373
359	369
359	365
380	398
380	395
380	394
380	384
380	397
380	389
380	390
380	388
380	392
380	391
401	414
401	408
401	418
401	405
401	419
401	406
401	411
401	321
401	404
401	407
99	348
99	95
99	351
99	156
99	94
99	113
99	103
99	100
99	93
99	349
421	438
421	429
421	428
421	426
421	282
421	433
421	436
421	425
421	439
421	435
442	449
442	455
442	461
442	444
442	447
442	460
442	445
442	458
442	462
442	456
229	227
229	243
229	230
229	233
229	240
229	244
229	237
229	149
229	236
229	238
16	463
16	19
16	26
16	11
16	25
16	14
16	15
16	24
16	286
16	9
464	473
464	476
464	482
464	483
464	484
464	474
464	468
464	477
464	469
464	472
485	501
485	491
485	502
485	493
485	486
485	499
485	505
485	496
485	488
485	494
506	512
506	521
506	516
506	519
506	517
506	515
506	523
506	526
506	514
506	518
527	535
527	529
527	534
527	544
527	539
527	532
527	542
527	546
527	537
527	541
548	549
548	554
548	563
548	564
548	558
548	562
548	566
548	568
548	560
548	557
337	334
337	345
337	342
337	338
337	332
337	312
337	314
337	336
337	343
337	335
569	572
569	570
569	261
569	257
569	577
569	582
569	583
569	250
569	574
569	248
475	305
475	584
475	479
475	586
475	465
475	588
475	307
475	589
475	472
475	585
592	603
592	609
592	595
592	612
592	596
592	605
592	607
592	600
592	593
592	598
613	626
613	621
613	615
613	630
613	619
613	632
613	625
613	614
613	617
613	631
634	648
634	643
634	645
634	653
634	642
634	644
634	635
634	647
634	654
634	640
156	350
156	351
156	102
156	353
156	105
156	354
156	114
156	355
156	93
156	96
232	227
232	243
232	230
232	233
232	231
232	152
232	237
232	153
232	236
232	238
655	666
655	671
655	675
655	664
655	672
655	658
655	674
655	663
655	667
655	660
676	694
676	682
676	683
676	695
676	684
676	681
676	688
676	691
676	677
676	687
697	702
697	708
697	710
697	709
697	705
697	700
697	699
712	722
712	721
712	716
712	715
712	729
712	732
712	727
712	714
712	730
712	713
733	735
733	744
733	751
733	738
733	752
733	741
733	745
733	740
733	742
733	734
754	770
754	769
754	768
754	772
754	766
754	755
754	771
754	763
754	767
754	758
775	793
775	791
775	783
775	790
775	778
775	781
775	795
775	779
775	776
775	788
796	810
796	806
796	801
796	797
796	809
796	811
796	816
796	800
796	804
796	808
817	824
817	835
817	818
817	826
817	823
817	822
817	833
817	825
817	834
817	837
838	847
838	841
838	853
838	858
838	842
838	845
838	846
838	844
838	849
838	852
859	860
859	868
859	876
859	877
859	879
859	865
859	866
859	863
859	873
859	872
880	897
880	886
880	896
880	894
880	892
880	893
880	895
880	891
880	884
880	882
901	902
735	736
735	746
735	751
735	738
735	750
735	904
735	745
735	740
735	742
735	743
905	911
905	925
905	919
905	914
905	912
905	906
905	913
905	922
905	915
905	920
927	939
927	938
927	936
927	930
927	933
927	272
927	935
927	931
927	943
927	9
734	736
734	744
734	748
734	739
734	946
734	741
734	745
734	740
734	742
734	743
947	964
947	960
947	951
947	954
947	955
947	961
947	963
947	966
947	959
947	958
968	971
968	986
968	973
968	970
968	976
968	983
968	978
968	984
968	969
968	987
753	736
753	744
753	903
753	738
753	750
753	904
753	745
753	740
753	742
753	743
988	991
988	1004
988	995
988	989
988	998
988	994
988	999
988	996
988	1006
988	992
291	301
291	288
291	300
291	304
291	295
291	1009
291	1013
291	1008
291	1010
291	1014
1015	1025
1015	1016
1015	1030
1015	1031
1015	1024
1015	1020
1015	984
1015	661
1015	1032
1015	1026
1033	1036
1033	896
1033	899
1033	887
1033	898
1033	1035
1033	885
1033	891
1033	884
1033	888
736	733
736	746
736	748
736	739
736	750
736	904
736	745
736	740
736	742
736	743
1037	1045
1037	1039
1037	1052
1037	1041
1037	1044
1037	1043
1037	1053
1037	1057
1037	1055
1037	1040
656	655
656	1060
656	975
656	1059
656	1062
656	658
656	661
656	1064
656	1018
656	659
819	831
819	828
819	829
819	836
819	823
819	822
819	833
819	1068
819	834
819	821
1069	1075
1069	1079
1069	1086
1069	1084
1069	1083
1069	1073
1069	989
1069	1081
1069	1080
1069	1078
1088	1104
1088	1103
1088	1099
1088	1105
1088	1092
1088	1107
1088	1091
1088	1093
1088	1102
1088	1095
1109	1113
1109	1111
1109	1127
1109	1122
1109	1126
1109	1112
1109	1119
1109	1116
1109	1128
1109	1124
1130	1131
1130	1137
1130	12
1130	11
1130	427
1130	1143
1130	275
1130	1142
1130	1141
1130	9
737	736
737	744
737	748
737	739
737	946
737	741
737	749
737	747
737	753
737	743
1144	603
1144	604
1144	1146
1144	606
1144	594
1144	605
1144	607
1144	600
1144	593
1144	598
1148	1161
1148	1151
1148	1153
1148	1152
1148	1158
1148	1162
1148	1166
1148	1155
1148	1150
1148	1168
1169	1188
1169	1183
1169	1172
1169	1184
1169	1170
1169	1187
1169	1174
1169	1180
1169	1173
1169	1175
1190	1195
1190	1194
1190	1209
1190	1193
1190	1207
1190	1206
1190	1203
1190	1202
1190	1192
1190	1199
1211	1214
1211	1220
1211	1229
1211	1228
1211	1227
1211	1222
1211	1213
1211	1231
1211	1225
1211	1224
1232	1243
1232	1234
1232	1240
1232	1247
1232	1245
1232	1237
1232	1252
1232	1250
1232	1236
1232	1233
1253	479
1253	481
1253	475
1253	1257
1253	471
1253	590
1253	1262
1253	472
1253	1259
1253	1263
820	831
820	828
820	829
820	836
820	823
820	822
820	833
820	817
820	834
820	821
353	356
353	1273
353	1279
353	1269
353	1277
353	155
353	1271
353	1268
353	1266
353	1270
1281	1285
1281	1287
1281	1288
1281	1300
1281	1293
1281	1283
1281	1298
1281	1291
1281	1296
1301	1316
1301	1308
1301	1305
1301	1317
1301	1319
1301	1321
1301	1302
1301	1320
1301	1309
1301	1310
1322	1323
1322	1337
1322	1328
1322	1330
1322	1329
1322	1327
1322	1338
1322	1331
1322	1325
1322	1340
1343	1344
1343	1360
1343	1361
1343	1347
1343	1353
1343	1348
1343	1349
1343	1352
1343	1345
1343	1362
1364	1368
1364	1371
1364	1375
1364	1377
1364	1373
1364	1366
1364	1379
1364	1384
1364	1383
1364	1365
1385	1387
1388	1398
1388	1391
1388	1392
1388	1389
1388	1396
1388	1394
1388	1406
1388	1400
1388	1401
1388	1395
1409	1413
1409	1420
1409	1426
1409	1422
1409	1429
1409	1418
1409	1428
1409	1414
1409	1427
1409	1417
1430	1431
1430	1436
1430	1446
1430	1433
1430	1450
1430	1449
1430	1440
1430	1435
1430	1445
1430	1434
1451	1457
1451	1468
1451	1455
1451	1467
1451	1453
1451	1466
1451	1460
1451	1470
1451	1458
1451	1464
1472	1476
1472	1475
1472	1477
1472	1479
1472	1478
1472	1483
1472	273
1472	269
1472	278
1472	270
1486	1503
1486	1506
1486	1496
1486	1500
1486	1492
1486	1501
1486	1498
1486	1497
1486	1504
1486	1494
1507	1515
1507	1508
1507	1514
1507	1518
1507	1517
1507	1520
1507	269
1507	1509
1507	1513
1507	270
1191	1195
1191	1194
1191	1209
1191	1193
1191	1207
1191	1210
1191	1196
1191	1202
1191	1192
1191	1199
1521	1534
1521	1528
1521	1541
1521	1525
1521	1533
1521	1523
1521	1531
1521	1538
1521	1535
1521	1522
1542	1543
1542	1547
1542	1550
1542	1555
1542	1560
1542	1546
1542	1558
1542	1552
1542	1556
1542	1553
1192	1195
1192	1198
1192	1200
1192	1204
1192	1190
1192	1206
1192	1203
1192	1202
1192	1197
1192	1199
1563	1582
1563	1572
1563	1567
1563	1566
1563	1583
1563	1574
1563	1577
1563	1570
1563	1565
1563	1578
1478	1480
1478	1477
1478	1479
1478	282
1478	1584
1478	1484
1478	273
1478	269
1478	278
1478	270
1586	1590
1586	1598
1586	1589
1586	1604
1586	1601
1586	1597
1586	1594
1586	1596
1586	1588
1586	1602
1608	1613
1608	1625
1608	1624
1608	1620
1608	1614
1608	1618
1608	1623
1608	1619
1608	1626
1608	1616
1629	1642
1629	1644
1629	1648
1629	1632
1629	1645
1629	1640
1629	1630
1629	1637
1629	1633
1629	1638
285	1650
285	1655
285	273
285	1483
285	286
285	270
285	269
285	1656
285	1653
285	1652
1657	1660
1657	1658
1657	1669
1657	1675
1657	1659
1657	1666
1657	1663
1657	1670
1657	1664
1657	1667
1672	1660
1672	1658
1672	1669
1672	1675
1672	1659
1672	1666
1672	1657
1672	1662
1672	1664
1672	1667
1668	1671
1668	1676
1668	1673
1668	1661
1668	1665
1668	1674
1668	1663
1668	1670
1668	1664
1668	1667
1610	1613
1610	1621
1610	1624
1610	1620
1610	1614
1610	1618
1610	1623
1610	1619
1610	1626
1610	1616
657	971
657	655
657	974
657	675
657	664
657	665
657	658
657	663
657	668
657	659
1681	1693
1681	1697
1681	1701
1681	1692
1681	1700
1681	1689
1681	1685
1681	1699
1681	1683
1681	1682
1702	1703
1702	1709
1702	1707
1702	1706
1702	1711
1702	1717
1702	1715
1702	1720
1702	1713
1722	1724
1722	1735
1722	1725
1722	1738
1722	1729
1722	1737
1722	1739
1722	1734
1722	1732
1722	278
1740	1741
1740	1743
1740	1749
1740	1753
1740	1742
1740	1757
1740	1758
1740	1759
1740	1751
1740	1760
1682	1686
1682	1690
1682	1695
1682	1691
1682	1692
1682	1700
1682	1689
1682	1685
1682	1699
1682	1683
1761	1766
1761	1765
1761	1772
1761	1774
1761	1776
1761	1764
1761	1780
1761	1771
1761	1778
1761	1773
1782	1792
1782	1799
1782	1801
1782	1797
1782	1793
1782	1787
1782	1800
1782	1788
1782	1790
1782	1794
1803	1804
1803	1820
1803	1821
1803	1811
1803	1812
1803	1816
1803	1817
1803	1822
1803	1805
1803	1818
1824	1832
1824	1835
1824	1841
1824	1833
1824	1837
1824	1842
1824	1831
1824	1844
1824	1826
1824	1829
1018	1847
1018	1058
1018	976
1018	1845
1018	656
1018	1846
1018	1027
1018	1024
1018	984
1018	1031
1849	1865
1849	1867
1849	1864
1849	1854
1849	1851
1849	1858
1849	1862
1849	1850
1849	1857
1849	1856
1870	1889
1870	1875
1870	1872
1870	1885
1870	1888
1870	1887
1870	1877
1870	1878
1870	1879
1870	1881
1891	1901
1891	1911
1891	1892
1891	1907
1891	1895
1891	1897
1891	1906
1891	1900
1891	1898
1891	1909
1912	1922
1912	1918
1912	1931
1912	1917
1912	1927
1912	1929
1912	1930
1912	1916
1912	1925
1912	1926
1933	1935
1933	1936
1933	1947
1933	1938
1933	1939
1933	1942
1933	1946
1933	1944
1933	1949
1933	1951
1954	1962
1954	1966
1954	1961
1954	1964
1954	1972
1954	1963
1954	1958
1954	1971
1954	1970
1954	1965
1974	1985
1974	1976
1974	1987
1974	1981
1974	1992
1974	1994
1974	1991
1974	1989
1974	1984
1974	1990
1683	1693
1683	1697
1683	1681
1683	1692
1683	1700
1683	1689
1683	1685
1683	1699
1683	1701
1683	1682
1995	1999
1995	2004
1995	2011
1995	2012
1995	2006
1995	2014
1995	2015
1995	1997
1995	2013
1995	1998
2016	2028
2016	2029
2016	2017
2016	2025
2016	2023
2016	2030
2016	2020
2016	2033
2016	2021
2016	2018
2037	2045
2037	2048
2037	2043
2037	2050
2037	2057
2037	2042
2037	2046
2037	2056
2037	2052
2037	2053
463	427
463	277
463	1083
463	434
463	2067
463	2065
463	29
463	2063
463	278
463	2066
2068	2082
2068	2073
2068	2069
2068	2078
2068	2081
2068	2079
2068	2071
2068	2080
2068	2085
2068	2084
286	1650
286	1655
286	282
286	272
286	1651
286	29
286	1654
286	1482
286	1653
286	1652
2089	2091
2089	2090
2089	2092
2089	2093
2098	2113
2098	2103
2098	2107
2098	2105
2098	2108
2098	2110
2098	2102
2098	2099
2098	240
2098	2100
1955	1957
1955	1959
1955	1960
1955	1973
1955	1956
1955	1958
1955	1971
1955	1954
1955	1967
1721	1710
1721	1716
1721	1712
1721	1704
1721	1708
1721	1714
1721	1705
1721	1719
1721	1713
1721	1702
2114	2134
2114	2115
2114	2118
2114	2127
2114	2124
2114	2129
2114	2122
2114	2131
2114	2117
2114	2116
1686	2142
1686	2135
1686	1681
1686	2139
1686	1689
1686	1684
1686	1685
1686	1683
1686	1688
1686	2136
2147	2151
2147	2149
2147	2158
2147	2162
2147	2150
2147	2160
2147	2166
2147	2163
2147	2155
2147	2159
2167	2170
2167	2176
2167	2182
2167	2169
2167	2171
2167	2178
2167	2179
2167	2172
2167	2180
2167	2185
1077	1075
1077	1086
1077	991
1077	1084
1077	1083
1077	1069
1077	2188
1077	1071
1077	988
1077	1078
2190	2201
2190	2203
2190	2200
2190	2191
2190	2197
2190	2207
2190	2210
2190	2202
2190	2205
2190	2206
928	939
928	938
928	936
928	930
928	933
928	272
928	944
928	937
928	932
928	9
1017	1025
1017	1016
1017	1030
1017	1845
1017	2211
1017	1020
1017	1022
1017	1021
1017	1018
1017	1026
1609	1608
1609	1622
1609	1625
1609	1612
1609	1611
1609	1617
1609	1610
1609	1619
1609	1626
1609	1616
1003	2215
1003	2218
1003	1004
1003	988
1003	2223
1003	2216
1003	2220
1003	2217
1003	2221
1003	2213
2226	2237
2226	2242
2226	2243
2226	794
2226	2229
2226	2236
2226	2233
2226	2241
2226	2245
2226	2227
2246	1934
2246	1945
2246	1938
2246	1939
2246	2247
2246	1941
2246	1948
2246	1943
2246	1950
2246	1952
2248	2263
2248	2264
2248	2261
2248	2257
2248	2252
2248	1073
2248	2256
2248	2249
2248	2266
2248	2265
2268	2288
2268	2285
2268	2275
2268	2271
2268	2273
2268	2287
2268	2272
2268	2274
2268	2280
2268	2281
2289	2294
2289	2291
2289	2293
2289	2306
2289	2300
2289	2297
2289	2298
2289	2305
2289	2307
2289	2301
2310	2328
2310	2313
2310	2324
2310	2327
2310	2330
2310	2318
2310	2322
2310	2311
2310	2320
2310	2325
2331	2348
2331	2332
2331	2334
2331	2335
2331	2343
2331	2336
2331	2340
2331	2350
2331	2337
2331	2347
2352	2354
2352	2372
2352	2370
2352	2365
2352	2367
2352	2362
2352	2363
2352	2368
2352	2371
2352	2355
2373	2377
2373	2375
2373	2374
2373	2379
2373	2386
2373	2382
2373	1927
2373	2381
2373	2383
2373	2380
2393	2396
2393	2017
2393	2409
2393	2398
2393	2394
2393	2401
2393	2016
2393	2399
2393	2407
2393	2018
625	633
625	613
625	2411
625	630
625	620
625	623
625	628
625	627
625	616
625	624
2412	2419
2412	2431
2412	2415
2412	2417
2412	2418
2412	2416
2412	2425
2412	2428
2412	2426
2412	2429
2433	2453
2433	2445
2433	2446
2433	2452
2433	2450
2433	2438
2433	2437
2433	2435
2433	2447
2433	2439
2454	2460
2454	2465
2454	2459
2454	2461
2454	2466
2454	2470
2454	2471
2454	2468
2454	2457
2454	2462
2474	2494
2474	2479
2474	2480
2474	2485
2474	2492
2474	2475
2474	2483
2474	2478
2474	2482
2474	2486
1239	1242
1239	1246
1239	1240
1239	1248
1239	1249
1239	1244
1239	2496
1239	1250
1239	1236
1239	1233
2497	2516
2497	2511
2497	2514
2497	2501
2497	2508
2497	2507
2497	2506
2497	2498
2497	2513
2497	2509
2518	2531
2518	2525
2518	2519
2518	2537
2518	2532
2518	2528
2518	2534
2518	2535
2518	2530
2518	2533
2539	2541
2539	2540
2539	2557
2539	2554
2539	2550
2539	2559
2539	2544
2539	2546
2539	2551
2539	2555
1884	1880
1884	2565
1884	2568
1884	2570
1884	1887
1884	1871
1884	1878
1884	1879
1884	2564
1884	2560
2571	2588
2571	2587
2571	2578
2571	2581
2571	2582
2571	2583
2571	2590
2571	2575
2571	2580
2571	2572
2592	2605
2592	2610
2592	2600
2592	2604
2592	2595
2592	2599
2592	2606
2592	2603
2592	2612
2592	2594
2613	2622
2613	2623
2613	2619
2613	2618
2613	2625
2613	2559
2613	2628
2613	2548
2613	2621
2613	2627
2629	2631
2629	2646
2629	2634
2629	2642
2629	2644
2629	2630
2629	583
2629	2635
2629	2640
2629	2648
2649	2654
2649	2659
2649	2663
2649	2666
2649	2658
2649	2650
2649	2662
2649	2667
2649	2657
2649	2660
2670	2677
2670	2675
2670	2678
2670	2673
2670	2687
2670	2689
2670	2686
2670	2680
2670	2676
2670	2674
2691	2708
2691	2693
2691	2701
2691	2692
2691	2700
2691	2695
2691	2709
2691	2699
2691	2711
2691	2703
2712	40
2712	30
2712	2720
2712	35
2712	2721
2712	2722
2712	2719
2712	2717
2712	31
2712	39
2723	2734
2723	2730
2723	2738
2723	2733
2723	2736
2723	2739
2723	2724
2723	2732
2723	2728
2723	2731
2744	2752
2744	2756
2744	2746
2744	2750
2744	2755
2744	2760
2744	2762
2744	2747
2744	2763
2744	2753
2764	2766
2764	2774
2764	2783
2764	2768
2764	2778
2764	2777
2764	2776
2764	2770
2764	2775
2764	2779
2785	2802
2785	2788
2785	2797
2785	2803
2785	2787
2785	2791
2785	2789
2785	2793
2785	2790
2785	2800
2806	2824
2806	2812
2806	2815
2806	2820
2806	2808
2806	2813
2806	2817
2806	2821
2806	2825
2806	2814
2455	2837
2455	2835
2455	2828
2455	2834
2455	2839
2455	2831
2455	2456
2455	2842
2455	2844
2455	2840
2845	2857
2845	2864
2845	2851
2845	2854
2845	2863
2845	2846
2845	2850
2845	2861
2845	2853
2845	2855
2866	2871
2866	2882
2866	2879
2866	2884
2866	2873
2866	2868
2866	2876
2866	2880
2866	2869
2866	2867
2887	2894
2887	2889
2887	2900
2887	2905
2887	2906
2887	2901
2887	2893
2887	2902
2887	2888
2887	2899
2908	2922
2908	2911
2908	2923
2908	2928
2908	2914
2908	2917
2908	2926
2908	2925
2908	2913
2908	2924
2929	2941
2929	1743
2929	2942
2929	2930
2929	2936
2929	2940
2929	2937
2929	2943
2929	2944
2929	2931
2949	2714
2949	2950
2949	2952
2949	2961
2949	2715
2949	2957
2949	2717
2949	2958
2949	2713
2949	2953
2963	2968
2963	2973
2963	2967
2963	2971
2963	2976
2963	2979
2963	2974
2963	2983
2963	2977
2963	2975
2984	2994
2984	3002
2984	2995
2984	2996
2984	2992
2984	2993
2984	2985
2984	2986
2984	2991
2984	2989
2282	2284
2282	2286
2282	2275
2282	2276
2282	2280
2282	2279
2282	2272
2282	2274
2282	3007
2282	2281
3009	3029
3009	3016
3009	3014
3009	3024
3009	3027
3009	3011
3009	3020
3009	3022
3009	3012
3009	3028
