180	5958
463	8549
275	6812
563	9376
602	611
360	7500
837	11253
442	438
654	9959
3235	3251
3862	3881
19	4526
2271	2282
1593	1609
5	3
969	12598
1122	1138
673	10078
458	8477
309	310
3754	3757
179	5932
864	11552
433	8163
241	6443
1458	1472
104	5207
769	10609
531	8919
3711	3713
132	5428
696	700
464	467
723	728
940	12347
2494	1043
565	9385
910	11992
3478	3490
308	314
1164	1184
901	11891
266	6707
740	745
375	7680
135	5487
4086	4104
2903	2913
922	911
1241	1254
791	783
216	6177
528	8883
2559	2564
379	7743
2603	2607
527	529
4011	4015
853	11462
795	10925
122	127
776	10728
59	745
987	12801
2312	2324
322	6959
528	8874
466	468
618	9747
425	8143
773	10659
246	6545
3256	3260
1262	1274
761	755
421	8015
974	968
225	6316
898	11848
2861	2870
208	6077
1008	1009
931	12196
743	4809
716	723
923	12123
710	705
964	12563
301	1484
105	5232
483	487
288	281
180	5956
489	503
408	7984
386	7809
763	10575
1955	1963
345	7301
290	6891
641	6621
267	6649
749	748
378	7664
206	6044
457	8466
3668	3687
214	6157
2455	2460
439	8308
204	199
214	6162
110	5286
550	9189
499	495
137	5497
710	700
887	11687
276	6833
583	9426
846	865
2078	2091
438	8303
189	5993
136	127
550	9175
676	671
4314	4332
793	10790
393	397
176	5905
105	5225
1913	1930
463	8548
459	8497
489	486
581	9475
969	12595
511	8761
813	11000
946	953
603	605
2132	2135
65	74
592	9576
422	433
19	4536
3107	3109
406	7943
484	8641
586	9448
935	12275
362	7540
194	200
166	5794
485	8649
1672	1685
179	178
425	8149
156	150
3170	3177
3499	3519
62	1500
163	174
342	7041
381	7768
847	11409
732	10384
46	47
651	9941
285	6867
502	3284
533	8934
992	12878
441	7911
1066	1069
704	707
959	12510
781	10784
507	8735
412	8013
424	8126
672	10022
797	10952
926	942
666	10027
54	4799
1006	1012
985	12793
942	10236
481	476
3344	3360
2712	2717
763	10574
734	720
475	477
936	12297
497	494
820	2034
246	6544
628	620
720	723
2639	2643
187	197
663	10035
388	387
4271	4276
1625	1695
2494	2506
273	6770
493	491
264	6671
622	633
716	10298
1621	1634
3818	3837
266	6715
396	7877
322	7033
529	8893
666	10018
700	694
496	493
551	9199
118	5347
839	11299
321	314
1934	1949
1164	1180
1024	1029
147	5574
203	188
783	801
405	7933
726	729
1437	1449
3968	3973
548	9159
846	864
51	2130
1164	1167
623	9747
575	578
276	6846
877	11601
4314	4325
344	345
817	11063
97	5107
103	5200
79	4966
542	9064
43	62
1045	1046
1000	12916
271	6765
199	195
829	835
191	6009
342	7039
297	6917
970	12609
3256	3258
1002	12890
309	6952
2132	2151
316	6997
456	8445
19	4534
3261	3277
504	510
198	196
1738	1759
71	84
119	5244
166	5783
1001	998
343	7292
988	12823
827	11122
1737	1753
897	11846
14	4471
572	9414
813	11010
723	724
116	5324
465	468
126	140
7	4371
323	336
53	1500
887	11691
631	632
90	5035
4314	4318
730	733
144	5542
666	10021
193	196
502	8708
541	9059
957	12481
543	9091
554	9255
994	12896
462	467
634	632
1001	12950
93	5068
910	11988
889	11724
707	10195
3884	3902
112	5302
383	7783
506	512
13	4456
3191	3207
190	5989
177	5907
821	824
397	7880
732	10385
186	192
647	9887
849	859
315	6984
118	5249
202	195
223	6279
701	696
7	4372
835	11220
336	7183
520	8745
1087	1093
529	8901
807	11001
959	12515
467	463
621	9767
2691	2701
125	5355
566	583
365	7589
366	289
113	119
794	10805
3884	3892
657	658
455	8427
3926	3943
525	539
141	140
123	138
3647	3648
829	831
293	298
2987	2999
912	909
657	668
455	8429
579	575
226	243
1934	1935
635	615
766	10588
133	126
1262	1280
383	7790
428	5661
108	5253
1003	1011
437	8292
619	629
483	486
28	4651
203	6035
785	784
464	8564
940	12351
190	191
177	5918
802	10956
2250	2264
3604	3612
662	10052
2861	2866
2413	2431
1422	1428
784	10789
325	330
28	4656
494	499
743	4810
867	879
65	4842
799	10971
632	633
728	10355
409	274
531	8907
577	578
773	10657
407	7962
455	8421
207	6059
1837	1856
386	7815
261	6625
577	9414
742	4785
648	9900
213	6041
597	592
551	9198
818	11065
917	12063
255	252
728	726
570	581
717	10318
532	8933
926	12159
93	99
198	6021
2214	2225
11	4422
2846	2855
3647	3665
461	8542
699	702
213	6043
816	811
349	7379
53	4793
195	188
430	8217
413	8037
184	189
597	9534
748	763
487	485
673	10083
3818	3822
2057	2065
775	10707
3414	3425
314	308
465	471
4271	4272
496	486
745	10492
508	523
428	423
328	330
1164	1168
198	193
556	9283
915	12042
68	4861
305	309
368	7598
100	5154
439	7687
130	5411
720	722
447	461
2726	2737
631	620
929	12164
205	225
387	7831
619	9749
496	494
1401	1414
319	314
255	256
877	11599
3364	3373
53	1505
923	11951
705	700
964	12570
903	911
769	10599
221	206
881	11609
3406	3410
697	10212
2037	2044
649	9902
720	731
822	811
765	10514
9	15
330	7051
667	10030
587	593
421	8018
2747	2749
179	5928
2012	2029
909	11979
318	6971
341	5011
930	932
659	665
703	10231
521	8771
401	7912
974	12646
489	500
1401	1418
227	6338
853	11411
412	8018
193	198
399	402
124	5351
379	7734
432	8226
329	7052
877	11590
4227	4240
176	5824
482	463
775	10703
590	9546
681	10123
384	7800
741	4820
78	4963
360	7513
1009	12987
2639	2641
517	8771
122	131
2588	2590
885	11662
766	10569
3385	3396
542	9061
788	10839
992	12876
610	9730
256	6593
271	6754
964	12575
445	8360
565	9396
495	492
56	1493
531	8917
302	314
446	458
129	5365
1009	12980
921	12103
677	10032
257	256
347	7335
262	6638
484	8628
9	4
39	4711
608	9702
599	589
1338	1350
151	5642
1007	1008
291	282
1551	1564
759	766
477	473
4336	4340
92	5059
359	7476
306	322
151	5655
3626	3632
731	10370
797	10950
454	8407
1672	1678
60	4826
985	12781
2099	2111
213	206
2825	2833
929	12182
300	6941
758	10545
480	8611
116	5308
725	735
666	10022
2353	2363
345	7310
798	799
3435	3445
151	5657
259	6583
670	10031
894	11804
681	10116
441	8318
581	579
3818	3830
424	8128
1005	1010
207	6041
753	759
193	195
775	10692
79	4971
518	8822
77	4936
1108	1113
292	281
565	9397
256	6597
519	508
359	7481
301	287
407	7971
356	7454
492	491
883	11640
14	4472
3282	3285
154	5696
96	5083
477	467
296	297
551	9202
882	898
19	4528
298	6920
141	127
2250	2253
138	130
795	785
556	9282
2012	2021
554	9249
71	76
2353	2161
342	326
501	8678
582	9405
635	9749
1143	1154
2099	2113
303	309
882	902
573	586
942	12375
706	10217
530	534
531	8906
63	1507
68	4876
3499	3506
153	5690
327	334
866	11567
2153	2167
603	260
668	10021
733	10417
405	7937
151	5643
147	5569
750	761
231	6383
20	4547
873	11579
391	399
3029	3034
915	12048
13	4458
254	6578
754	10516
508	8721
489	8662
2353	2369
425	8136
93	5066
622	615
442	425
82	84
540	9032
679	7534
3170	3183
663	10039
747	756
1004	1006
775	10694
3323	3337
780	10763
696	710
534	8956
260	268
774	10671
446	412
885	888
373	7646
608	9701
621	9763
766	10589
323	329
126	5373
759	749
517	520
126	5377
375	7675
309	307
3499	3505
660	10013
59	56
2494	2495
496	501
443	449
553	9241
225	6308
42	4747
572	9425
483	502
3364	3375
151	5658
195	6003
662	10057
109	5273
818	11028
951	12418
498	494
475	466
511	520
3604	3623
973	12637
3107	3116
586	9434
4	18
421	8020
128	5358
333	7128
660	10026
3149	3159
213	6054
1801	1803
3435	3453
60	4823
25	4592
22	33
312	6945
308	6957
119	5250
938	12312
304	6947
293	287
605	9665
679	10095
118	5245
2639	2651
163	172
51	1502
897	11828
489	491
828	830
730	723
4227	4228
899	11870
452	8364
406	7923
534	8965
378	7718
452	8369
3776	3793
212	6122
416	8068
4	17
299	282
384	381
507	8729
811	11023
2214	2229
555	9265
458	8484
918	909
319	6955
908	11965
256	254
959	12513
428	8184
134	5468
173	5857
891	11691
1699	1685
793	10789
394	421
714	10285
3499	3504
984	12773
405	7938
137	5506
650	9912
843	11353
135	5481
27	4624
3926	3939
187	5986
2987	2995
744	60
466	480
80	4892
712	10265
68	4871
866	11568
780	10756
1006	1008
118	5340
2768	2780
690	10160
685	10138
754	753
294	1483
12	4443
195	194
1045	1053
1625	1633
365	7588
2434	2444
1732	1701
2353	2355
153	5673
367	286
704	710
524	8867
2099	2116
556	9278
714	10292
640	9828
1005	1009
458	8478
460	8514
697	10206
529	8890
710	702
241	6440
531	8911
677	10021
294	293
915	12041
896	11820
166	5785
381	7765
563	9381
634	617
117	107
566	569
970	12602
728	10360
2538	2545
298	6913
905	11939
762	10562
112	5303
672	10032
148	5603
89	5029
520	8843
147	5584
736	10443
411	7993
3435	3450
695	698
938	12300
454	8401
219	6048
760	10570
156	5719
108	5252
203	196
637	9812
499	493
730	726
96	5094
842	11328
539	8958
841	11312
519	8760
318	7007
790	10869
3	6
621	3090
4023	4043
501	8682
426	8157
628	633
62	1507
332	7120
463	8557
972	12617
388	386
458	8479
983	12750
767	10511
105	5222
934	12243
3128	3137
149	5607
113	5302
448	444
670	10029
745	10495
616	629
648	9904
2371	2374
486	494
338	7213
670	10013
401	7907
770	10623
490	500
946	961
2924	2936
1761	1771
1551	1565
697	10215
370	283
836	11232
65	4838
610	9727
190	5987
816	11041
445	8344
654	9967
575	577
909	11964
762	10564
229	6378
607	9699
2654	2657
1422	1429
553	9161
568	9419
536	8987
690	10163
322	310
899	888
375	7681
748	752
827	825
776	10719
926	12154
844	11373
840	11164
469	477
632	628
414	8053
282	291
274	6791
1002	12958
2572	2579
374	7669
306	313
923	11955
96	5087
96	5096
2747	2751
241	6456
1816	1817
591	9559
214	6165
157	5624
3086	3093
66	4835
209	6094
413	8034
973	971
721	10325
4128	4135
776	10710
174	5868
404	399
8	4392
240	6429
842	11338
569	9417
899	11871
143	149
1010	12998
94	89
15	4483
109	5274
2903	2904
964	12574
133	5451
249	257
568	581
300	6928
1780	1794
470	462
827	11123
3344	3347
34	4662
476	474
309	6950
788	802
424	8123
512	8776
1009	12985
603	611
263	6658
2494	2501
799	10973
219	6226
856	11479
39	4715
459	8499
725	718
904	907
932	12215
2945	2947
679	10101
327	330
98	5132
588	9524
988	12828
340	7262
261	6619
945	962
776	10726
750	753
840	827
105	5236
3212	3225
347	7352
405	7930
652	9947
520	8837
818	11034
719	734
2639	2640
980	12709
884	11644
516	8806
311	314
221	6042
758	10542
550	9185
408	406
2078	2090
762	10518
213	6150
2193	2200
3754	3760
998	996
654	9970
718	734
87	97
824	11090
464	8567
448	454
695	694
1011	1016
567	9406
654	9965
759	10563
34	4657
343	7285
198	189
456	8437
483	484
149	5605
601	9654
2099	2119
890	11752
455	8428
2639	2642
974	12579
618	633
730	724
929	12166
298	6903
601	9656
4227	4246
265	262
153	5676
223	211
98	5119
3385	3397
807	11005
2413	2422
444	446
144	5535
893	11774
531	8912
422	430
698	694
3668	3679
227	6328
637	7663
831	11160
377	7713
828	827
1625	1697
557	9303
37	4674
263	6659
888	11714
913	11952
139	5351
3583	3593
355	7416
493	486
960	12518
632	623
883	11641
148	5599
656	9946
885	11666
737	4781
788	10846
765	748
335	7163
1621	1629
749	747
185	197
822	11044
2538	2554
618	616
325	332
912	12012
3990	4010
541	9052
830	11148
481	477
982	997
216	6119
981	12736
303	308
596	9587
1879	1887
259	258
365	7578
647	9879
1262	1278
804	818
1879	1895
80	4986
216	6167
27	4626
486	491
514	8792
8	4383
3364	3374
846	857
43	47
1185	1202
916	12059
1006	1013
995	12911
553	549
321	6980
537	8997
767	10512
453	8385
708	10242
568	576
316	7001
142	158
45	4774
2966	2973
289	286
2726	2740
756	10513
466	8570
566	577
112	5305
835	11216
547	9134
450	8341
99	5145
1509	1513
4128	4134
812	11011
454	8406
813	816
85	88
3282	3287
667	10032
119	5283
427	8172
507	8730
2033	2036
608	9703
198	6018
176	170
584	9422
747	764
461	8528
2037	1916
374	7660
1006	1004
2654	2663
489	498
578	9427
1359	1371
688	7689
493	501
852	11459
939	12324
905	11940
760	10560
74	4837
11	4427
75	4902
407	373
368	286
889	11723
651	9932
985	12790
1185	1188
452	8366
90	5039
2413	2427
276	6829
360	7506
210	6072
1273	2350
747	753
328	329
931	12195
452	8379
571	9418
905	11937
396	7724
4336	4348
904	11918
1005	1015
315	313
72	75
754	751
37	4677
864	11470
496	492
3029	3046
767	763
344	350
311	6963
9	14
34	4668
543	9080
49	743
923	903
674	670
1003	1013
526	530
736	739
406	7946
28	4640
946	948
572	9423
523	8858
331	7094
888	899
609	9718
601	9653
523	8717
404	7929
303	310
151	5641
8	4379
369	7614
774	10673
347	7351
506	518
444	447
340	7252
798	10957
1002	12962
460	8517
170	5823
859	11427
1437	1439
793	10906
482	8560
824	11018
974	976
877	3974
3668	3684
455	8433
853	857
1530	1548
836	11239
298	6914
265	6705
484	8644
596	9604
406	7949
833	11180
678	693
301	284
852	11457
300	6936
940	12350
566	570
772	10635
696	705
673	10035
1816	1833
601	9648
413	8029
774	10687
221	6248
224	6298
818	11032
667	10013
637	7622
843	11358
960	12528
701	710
3841	3842
4065	4067
721	10327
517	508
505	8724
831	11158
945	964
477	470
943	12399
468	462
751	753
132	5439
718	725
816	813
813	11028
43	48
662	10056
101	5174
156	5635
3170	3173
700	10195
57	4814
41	4725
352	7409
1273	2346
117	5248
204	187
1422	1424
448	449
119	5282
518	8818
282	288
414	8056
316	7002
138	5483
999	998
98	5126
227	6336
214	6168
465	8560
4293	4306
841	11309
916	910
658	10009
742	10481
274	6800
266	6723
739	10456
3071	3076
124	129
836	11230
906	11945
410	415
941	12356
1001	12953
148	5594
415	8062
718	727
788	789
515	520
548	546
410	266
139	5372
580	9450
1220	1233
762	760
538	9004
209	6084
318	7006
911	11953
1185	1199
814	11018
548	9158
803	797
186	198
741	49
314	6982
179	5936
74	4898
516	505
345	7306
796	10937
158	5742
701	709
598	9622
855	854
623	9749
501	1961
259	6611
484	8633
859	11503
314	6976
853	11404
685	10126
25	4590
198	5994
59	50
740	741
48	4789
922	907
58	4820
340	7251
332	7112
207	206
2538	2550
2789	2809
1625	1622
3884	3888
2654	2669
596	9607
941	12355
698	705
2861	2871
781	10785
3050	3068
63	62
1458	1475
921	12111
4011	2474
969	12596
3926	3933
799	783
223	6281
134	5361
664	677
191	189
1509	1526
486	8660
26	4601
43	53
1002	12965
673	10024
3050	3051
202	6030
89	93
828	11112
894	11683
103	5196
47	49
802	10985
157	5731
415	8061
3385	3388
8	4384
625	624
905	11933
308	306
306	308
873	11570
115	5240
72	76
662	10058
477	466
3071	3079
365	7591
1262	1267
2572	2583
412	8020
969	4534
4011	2475
594	9540
935	12274
586	9512
941	12365
3071	3082
514	8797
853	11464
781	10783
952	12424
785	10801
756	750
547	9142
2559	1407
26	4613
970	12608
1458	1462
923	911
785	10811
366	283
367	291
838	11269
22	37
340	7263
571	577
2250	2261
169	5818
392	7851
51	63
991	12856
16	4498
1625	1632
904	11923
554	9244
2676	2689
774	10685
149	5619
169	5817
330	7079
237	6406
400	7897
243	6496
2747	2765
791	10877
341	7272
975	12661
216	6184
369	7610
24	4574
293	291
2292	2309
221	6224
607	9688
864	11558
658	10000
451	453
912	12007
3905	3912
107	5245
362	7534
412	8010
348	7355
1479	1491
1837	1850
482	8561
96	5090
79	4981
4192	4092
362	7547
112	5296
308	307
149	5606
290	6901
1913	1917
508	8750
2538	2553
402	7644
412	6803
155	5716
483	495
169	5807
847	11412
667	10024
407	7969
483	485
863	11433
349	7377
537	8999
3520	3537
714	10291
151	5660
2292	2302
4128	4139
654	9966
189	199
758	10555
734	725
137	139
2966	2981
830	11152
134	5460
369	7615
310	6945
487	499
252	256
190	188
2292	2294
881	11617
504	512
461	8546
748	767
174	5874
784	10796
736	10448
414	8045
144	5553
275	6817
1	11
2903	2916
360	7503
908	11966
533	8923
200	195
3754	3758
476	473
187	196
466	473
610	9725
300	6931
729	10341
1837	1855
490	483
402	7896
567	578
943	12398
672	10013
51	1504
281	283
406	7896
978	12577
13	4457
619	626
454	8405
374	400
616	620
742	740
202	5997
776	10717
47	2226
555	9261
675	10019
549	553
591	9571
763	748
1005	1023
468	475
250	248
231	6390
701	697
174	5869
679	10094
76	4925
581	9478
536	8974
618	9748
34	4669
893	11775
716	720
904	922
991	12846
1004	12980
179	5931
765	759
525	530
496	502
2523	2531
129	5400
361	7522
773	10652
1673	1675
1737	1743
631	624
262	6650
817	11014
218	6214
154	5700
149	5621
397	394
1283	1295
544	9117
610	9724
3191	3200
685	9174
334	7149
15	4437
291	283
175	5893
303	304
599	598
827	11115
857	11496
592	597
915	912
602	607
591	9552
752	763
604	386
401	7911
882	901
485	8647
620	631
585	9500
182	5980
397	371
2099	2115
629	9749
600	9634
752	765
370	296
969	12597
454	8408
3541	3546
312	307
601	9642
845	11388
134	5471
297	6907
132	5430
361	7533
3690	3696
593	589
1970	1971
84	4891
588	9530
786	795
39	4704
921	12113
542	9079
219	6039
935	12272
113	4520
228	6346
1593	1603
461	8533
211	6127
731	10364
451	444
1625	1696
975	12664
399	408
658	1108
704	695
313	308
309	314
243	6489
528	8877
304	6944
910	11990
453	8393
73	4839
226	239
558	9318
439	8311
2538	2558
491	490
967	968
650	9908
307	310
27	4622
392	391
585	9503
976	968
261	6617
1	13
69	79
3282	3289
662	10050
429	8198
524	8861
1991	1999
725	721
570	569
13	4459
748	747
811	815
134	5465
10	4396
359	7485
747	755
164	5770
616	630
1	17
1283	1289
917	12074
109	5265
1205	1211
748	764
3261	3267
757	10538
260	276
2618	2638
826	829
915	12047
905	11929
605	602
819	11014
143	158
3862	3874
1359	1366
951	12413
483	501
799	10970
4192	4194
913	12013
855	11468
798	783
253	249
130	5416
410	409
341	7274
116	4533
976	7477
422	423
504	515
603	9662
150	5626
451	412
1007	1006
3086	3104
442	8329
544	9104
19	4529
133	5456
675	10031
4023	4034
3818	3832
838	11278
187	189
936	12293
76	4919
200	5986
370	290
4271	4280
3818	3835
973	12585
85	103
205	216
451	8343
469	468
894	11798
774	10679
3008	3026
325	342
2691	2696
265	6698
2371	2387
2392	2412
321	7030
643	9872
919	12088
493	502
4248	4261
99	91
430	8207
93	91
490	496
839	11289
896	11815
122	125
939	12334
135	5485
135	5479
1045	1063
867	875
1273	2352
488	483
213	6154
19	12
27	4628
244	6518
719	717
4128	4140
3841	3858
434	8248
1241	1247
2768	2777
281	291
1007	1003
58	4783
881	11621
188	5988
1858	1866
147	5577
984	12775
184	202
778	5302
169	5815
724	728
1011	1018
931	12199
1551	1556
611	921
2810	2813
334	7159
240	6422
314	320
435	8276
2603	2614
902	11702
968	12579
2353	2361
135	5476
524	8860
891	11773
267	279
661	10047
451	461
262	267
435	8269
1621	1626
18	4520
115	5290
52	737
918	12082
184	188
389	265
3499	3510
4	6
210	6070
833	11181
929	12169
42	4753
379	7736
2588	2594
570	568
430	429
939	12329
48	62
399	371
281	284
3050	3062
3435	3454
798	10858
1699	1700
1913	1924
717	10316
789	792
25	4593
4065	4073
459	8502
2508	2518
466	481
803	10810
464	8568
616	626
791	10878
344	362
809	11016
817	815
223	6288
51	53
903	904
790	10872
922	11959
501	8694
538	9005
315	309
1185	1195
701	707
157	5717
490	502
150	5639
1509	1511
335	7173
302	312
3990	4008
527	537
822	11006
662	10017
341	7275
373	7650
642	9859
581	9407
783	803
797	10930
377	7715
406	7952
724	730
1003	1009
4011	2479
720	717
2292	2301
100	5159
401	7908
98	5122
1001	12951
306	6945
623	626
359	7490
623	618
497	493
1737	1739
873	11572
984	12769
778	10733
601	9632
244	6510
84	4892
320	6950
866	11550
449	446
449	447
672	10031
367	294
1633	1714
163	167
815	11050
590	9545
633	630
373	7642
670	10021
74	4889
356	7439
86	91
229	6361
240	6423
469	464
741	740
8	4380
499	489
496	489
806	10997
514	8790
935	12267
156	5543
1816	1829
991	12844
71	65
424	8110
3071	3081
666	10014
15	4478
934	12253
85	87
157	5588
662	10051
89	5015
68	4866
341	7268
1651	1658
792	10890
289	366
954	12459
1014	13018
1024	1040
916	923
524	8743
359	7493
576	579
811	809
789	785
175	5894
150	5625
1220	1225
893	11777
1143	1157
664	666
2153	2160
427	8180
542	9067
6	17
637	6709
97	5114
775	10702
408	7980
549	6656
2	13
151	5647
576	575
325	7039
3776	3785
1699	1702
1220	1228
3520	3525
702	701
298	6915
1870	2482
1955	1956
666	10031
92	94
1000	12927
885	11670
982	989
752	749
909	11974
1970	1988
1380	1388
658	10004
909	11977
383	7794
379	389
2846	2852
856	11472
2861	2873
224	6306
4336	3365
486	488
1636	1646
177	5919
625	618
240	6424
623	619
42	4749
561	9233
656	9924
677	10018
468	8570
610	7732
445	8349
430	8220
842	11325
760	10566
4227	4231
438	8301
437	435
141	5532
1651	1655
568	579
843	11356
833	11183
1628	1697
1262	1282
728	10354
585	567
229	6375
498	483
392	7859
465	462
1011	1012
540	9039
319	7012
572	9428
597	9621
500	494
492	488
82	75
817	11060
339	7225
1816	1826
1879	1886
415	8066
654	9971
241	6439
110	5280
520	8844
216	6185
789	10856
54	4800
703	10218
190	5986
98	5128
557	9297
430	8219
521	8842
324	342
425	8141
983	12746
433	8176
151	5644
727	10327
199	189
697	10204
71	83
402	7919
4293	4308
2099	2118
320	304
499	491
834	11192
1625	1691
987	12802
185	200
1879	1883
502	8709
242	6469
813	815
306	6952
611	9744
3128	3136
790	10866
1738	1741
12	4440
92	5065
952	12442
577	9451
628	631
483	490
79	4969
22	36
362	7535
90	5041
61	4773
786	10824
489	496
952	12439
733	10410
909	11984
337	7198
3841	3849
10	4412
140	5412
271	6764
2455	2457
90	5033
445	8356
849	856
862	11518
383	7788
3562	3579
226	246
796	10935
925	9957
473	8560
946	954
2413	2423
1970	1987
721	720
144	5548
2120	2128
99	5047
61	58
2172	2183
925	12127
220	214
87	85
25	4594
330	7069
733	10349
622	630
498	495
189	6001
164	5766
583	586
936	12291
924	925
890	11747
914	12038
829	11132
670	10022
1011	1004
938	12315
996	12919
534	8960
288	6884
916	12055
780	10752
1010	13001
834	11202
434	8264
519	8769
1780	1796
978	12688
542	9078
192	190
1066	1084
72	70
3170	3176
16	4490
259	6613
307	304
136	5351
310	304
3797	3803
3302	3313
795	10921
454	8399
78	4950
756	10510
647	9881
396	7875
174	5878
730	721
185	201
257	6583
519	8829
266	6709
2945	2949
3754	3763
157	5728
3029	3036
303	315
571	9415
936	12280
573	9420
529	8886
615	620
424	8124
819	11069
714	10286
560	6750
424	8120
899	11879
257	6593
422	440
323	324
82	76
828	11129
2172	2190
150	5633
345	7314
512	8777
910	922
2810	2811
1991	2003
246	6552
673	10081
449	450
842	11340
588	9519
866	11563
1780	1785
425	8137
864	11557
526	531
849	861
717	10311
4150	4163
484	8630
345	7300
604	610
134	5458
542	9065
133	137
964	12560
266	6711
375	7683
2768	2775
1273	2348
527	544
20	18
316	6999
129	5403
2966	2979
560	9343
3884	3903
681	10119
3947	3964
634	621
1001	12921
441	8319
12	4441
486	502
592	587
685	9172
1002	12957
621	9764
96	5091
242	6461
785	10805
281	297
366	282
576	9405
1879	697
380	7752
1220	1234
547	9151
424	8122
969	4487
676	10086
4248	4254
2012	2020
364	7563
219	6227
10	4400
1837	1853
853	11412
125	5361
568	582
616	624
1010	12999
2882	2900
2012	2031
319	7019
335	7168
237	6415
988	12825
142	161
559	8491
3604	3611
495	493
1699	1678
487	495
797	795
112	5291
946	949
245	6531
707	10196
494	489
481	469
541	9058
1572	1592
678	692
8	4377
896	11816
635	616
914	12032
595	9600
1572	1573
147	5578
3149	3155
62	1506
845	11395
63	1504
497	501
85	95
647	9894
637	9815
583	9467
738	10459
89	5022
372	7628
611	7671
750	755
446	421
928	926
913	907
791	793
217	6194
568	573
898	11865
84	5009
995	12900
797	10953
94	5076
289	297
939	12328
887	11697
450	460
333	7136
883	11622
216	6126
43	61
149	5622
2434	2437
923	916
61	50
717	10317
780	10757
274	6795
367	300
3107	3118
1241	1243
561	9366
842	11342
443	461
844	11380
173	5855
486	484
600	9566
582	578
134	5463
691	10180
640	9825
72	74
734	718
723	718
499	501
2712	2718
210	6065
310	6952
529	8887
453	8388
430	8223
598	9623
590	9547
170	5830
471	8571
37	4673
633	617
654	9913
19	4525
1205	1212
781	10771
896	11827
143	157
699	704
209	6088
547	9141
476	480
4271	4290
34	4659
994	12892
451	456
715	731
468	478
63	1494
489	487
394	7534
4314	4326
10	4411
514	8794
396	7868
80	4994
433	427
188	191
302	308
2037	2056
3323	3331
459	8501
1401	1415
3732	3737
292	1487
685	10136
917	10547
393	405
726	723
898	11800
240	6437
824	11009
583	9423
387	7838
546	563
267	6724
514	8793
530	532
78	4959
3282	3294
311	6959
841	11317
575	9414
719	10324
1009	1006
245	6526
887	886
99	5142
765	747
434	8262
3905	3917
41	4733
677	10030
28	4646
445	8361
2639	2645
714	10282
476	472
3086	3099
4150	4160
2924	2930
2371	2386
796	10938
855	11414
694	702
3647	3656
473	8562
652	9954
411	8001
2508	2512
743	4779
345	7313
347	7354
3478	3498
121	139
3086	3101
762	751
2603	2617
344	363
471	8576
196	193
831	11157
369	7618
994	12884
768	773
209	6093
577	9408
888	11699
811	816
384	7798
446	451
467	476
804	819
722	723
1311	1316
829	11133
357	7462
997	12917
700	711
2033	820
608	9708
324	7038
611	6624
2588	2602
1816	1818
2434	2451
2712	1484
699	710
158	5745
228	6345
934	12241
883	11636
924	935
256	6596
259	6574
931	12190
867	871
809	815
446	447
2312	2332
778	10741
743	10489
80	4993
427	8170
818	11064
65	80
2434	2445
584	9486
1007	1010
857	853
1837	1857
1991	2001
2676	2681
408	7923
1970	1977
815	11053
296	286
1185	1189
274	6792
42	4744
757	10520
958	951
803	10949
712	10276
3711	3718
3323	3328
789	10857
408	7943
1738	1752
2455	2468
158	5744
695	10194
106	111
845	11387
1004	12974
560	9350
3990	4004
566	572
485	8655
69	4879
901	11887
731	10371
806	11008
1551	1563
352	7403
300	6924
325	327
592	595
493	492
141	5534
1991	1995
39	4716
891	11758
255	248
894	11750
3478	3496
690	10161
217	6191
515	8777
725	728
444	449
920	12098
523	8759
588	9517
381	7764
533	8947
518	8816
193	6015
906	903
410	411
664	671
492	489
364	7567
27	4618
11	4424
893	11779
804	823
578	573
475	474
999	12938
951	12419
170	5833
224	6303
623	9748
751	10511
399	396
74	4835
789	795
2523	2526
3905	3922
958	12406
893	11785
970	12606
10	4402
696	10195
220	6237
811	11028
310	309
42	4758
668	10023
898	11850
1311	1314
1870	2489
451	452
563	9368
574	9440
731	10367
475	482
336	7184
505	4734
559	8492
117	5332
2132	2138
847	857
115	5286
920	12093
42	4741
375	7684
3905	3921
180	5962
1761	1763
592	591
785	10809
664	670
194	190
524	8864
845	11397
2903	2921
691	10192
220	6158
106	108
261	6626
2676	2679
437	8291
4314	4331
458	8474
980	12712
618	615
793	10905
606	9674
804	812
2789	2791
555	9270
721	730
927	12152
2413	2432
471	8584
19	4530
745	10508
4065	4068
501	8693
763	761
847	856
1024	1044
760	748
1205	1219
2434	2438
427	8178
604	606
829	11142
2292	2299
444	450
56	62
93	5021
446	444
92	5064
967	978
92	5062
629	9775
890	11749
941	12358
3562	3581
2966	2968
491	8664
217	6207
198	191
16	4489
807	11003
20	4551
323	328
792	10899
1593	1597
212	6143
74	4901
391	396
723	725
107	117
216	6181
881	11614
284	283
560	9351
624	617
100	90
914	12027
992	12872
259	6605
913	903
121	133
536	8978
1008	1005
718	729
857	11490
4271	4284
916	12062
54	4805
659	667
298	6916
154	5702
3323	3338
45	4776
914	908
3583	3591
477	472
221	6231
3323	3330
447	444
247	250
333	7125
601	9650
677	10019
44	4766
379	7740
736	10442
1879	1891
389	7739
228	6352
766	10568
3050	3066
778	10735
991	12850
64	67
411	8004
1066	1086
848	11426
592	9538
761	10513
581	582
443	459
176	5831
19	4539
918	12076
740	746
967	970
528	530
275	6823
82	74
188	5989
791	10885
265	6696
1801	1810
503	489
551	6635
396	7870
578	9423
957	12479
924	928
3583	3597
468	466
194	199
717	10320
73	4842
885	11669
539	8967
486	490
1955	1958
399	401
133	5450
2193	2202
391	398
218	6210
2747	2762
979	12698
3212	3227
555	9248
386	7816
2033	810
3926	3942
321	6986
86	100
3029	3032
219	6225
754	10518
175	5884
143	151
3520	3523
332	7121
125	129
186	185
567	572
1	2
2618	2629
290	6893
433	8173
978	12684
346	7324
968	12577
830	11143
124	133
80	4995
700	10196
784	785
786	10821
517	8720
416	6638
603	386
731	10381
1283	1288
495	483
1001	12917
885	11679
3797	3801
726	720
104	5213
465	8568
3562	3571
308	6956
348	7366
1458	1469
861	11511
428	8182
429	8173
620	618
1422	1435
455	8430
197	204
789	784
2966	2967
321	304
622	618
3818	3829
964	12576
856	11478
821	823
396	7874
416	8075
213	6148
651	9943
163	170
493	499
470	480
3818	3831
99	92
857	11404
570	583
694	703
2235	2246
630	9772
935	12263
119	5237
877	11594
2353	2158
847	11402
4011	4017
855	11465
963	12539
813	11042
99	5138
364	7557
913	12018
376	6749
2768	2771
571	578
995	12901
1009	12972
296	292
462	482
922	12122
78	4958
3732	3744
132	5438
470	481
3647	3659
658	10005
3212	3223
938	12318
611	9740
297	6918
3414	3428
146	5557
45	4778
117	5333
815	11032
1380	1400
523	524
694	712
847	11404
724	719
259	6615
2691	2692
89	5014
730	722
739	10449
556	9275
546	547
130	5408
66	4855
494	483
468	471
341	7269
419	8061
61	1502
475	473
495	487
477	471
78	4953
465	8565
867	881
432	8187
266	6718
862	11534
13	4450
396	7864
596	9605
3385	3389
622	631
462	479
1628	1725
530	538
996	997
616	9748
846	847
323	339
113	5310
108	5263
206	6038
1955	1968
300	6937
643	9873
364	7562
1801	1805
65	4837
925	12133
2768	2784
959	12514
834	11200
226	236
549	9170
261	6627
3385	3402
563	9380
540	9029
372	7625
147	143
42	4745
2882	2898
853	11403
3499	3501
486	493
298	6905
3841	3846
1380	1394
130	139
4065	4069
2789	2793
302	310
2172	2192
919	908
629	9781
493	487
943	12392
758	10554
938	12310
401	602
933	12232
866	11566
188	196
416	6648
3647	3654
883	11623
380	7759
102	5186
439	8141
341	7279
99	5134
931	12198
3884	3901
116	4521
2726	2733
789	10852
448	451
192	200
285	6865
320	6974
274	6804
386	373
491	483
450	452
419	8099
826	831
4128	4147
305	6944
560	9166
127	5378
2037	2038
15	4480
2132	2133
4227	4241
831	11154
4011	4012
128	126
432	8234
107	5238
345	7304
196	192
728	10353
421	8017
885	11671
124	127
3926	3932
2846	2859
1004	12973
53	737
2057	2067
73	4885
461	8538
457	8463
246	6546
1003	1010
2	3
3478	3491
517	8773
843	11346
764	753
757	10532
660	10019
2413	2424
745	2226
453	8381
489	502
444	453
833	11185
1005	1013
806	805
772	10641
1006	1015
1913	1926
932	12210
219	6069
389	7737
397	7881
520	8839
750	764
983	12760
681	10113
197	187
666	10025
484	8639
416	8083
3626	3635
1338	1340
685	10131
442	8330
409	414
427	8173
356	7442
310	6948
246	6555
357	7455
51	1500
3435	3447
630	9791
337	7196
16	15
785	10810
454	8413
89	5017
393	394
959	12512
481	475
703	10226
166	5790
1108	1114
142	146
1551	1569
862	11530
184	185
21	14
726	10333
758	10557
24	4560
708	10257
119	5349
844	11370
780	10754
3905	3906
441	8317
733	10416
499	494
299	297
394	7856
2523	2534
136	130
1004	1013
4293	4309
200	189
3604	3622
1401	1402
109	5245
395	408
289	298
741	60
764	750
3212	3214
92	99
559	9334
34	4661
69	67
285	6869
324	7039
717	10305
3086	3098
547	9143
763	750
3107	3114
1732	1703
883	11626
262	6626
739	10448
3732	3736
14	4477
2768	2788
473	466
425	8140
366	1487
284	297
209	6086
1006	1023
3302	3310
143	155
3128	3146
3385	3394
641	9841
414	656
817	11010
367	301
464	8562
765	10515
3583	3584
598	9515
194	6011
352	7398
264	6678
1628	1728
491	8665
370	284
465	8564
1318	1330
6	4
521	8832
75	4904
1000	12919
396	7865
3583	3598
221	219
296	301
51	56
4128	4136
740	2130
53	1496
394	7852
357	7464
175	5888
1122	1142
650	9913
244	6515
906	11946
343	7283
303	312
650	9924
1007	1005
787	783
449	8341
378	7702
1479	365
700	702
532	8927
595	9592
212	6136
3323	3325
769	10607
618	623
1479	1481
468	480
3541	3561
220	6235
632	624
357	7467
3212	3222
38	4690
643	9867
774	10686
734	730
668	10027
773	10658
50	62
959	952
2712	2723
648	643
833	11177
37	1194
4227	4233
974	12632
242	6462
3841	3856
150	5627
970	12614
1437	1443
497	486
767	10514
4045	4059
525	537
571	9416
783	786
59	51
4336	4344
368	7593
259	6610
1761	1772
935	12262
1633	1710
548	9155
939	12333
657	669
82	65
511	8763
188	5993
323	333
604	611
845	11394
837	11255
775	10690
58	741
4314	4322
574	572
567	9405
1879	1892
77	4930
64	73
250	259
815	1619
130	5419
960	12525
2966	2977
327	7041
405	7931
4150	4162
1572	1591
471	8582
332	7114
592	9572
933	12236
98	94
157	5734
996	12917
58	4818
742	10484
136	131
367	6860
633	619
551	9192
124	131
96	5086
355	7418
190	197
724	729
17	4412
786	10813
712	10267
489	494
1934	1953
1009	12984
3604	3606
2903	2917
3235	3250
3818	3819
3604	3619
79	4978
987	12812
480	8617
108	5245
2966	2975
296	294
3344	3346
991	12851
115	5321
963	12543
641	7622
312	6973
896	11822
919	12086
662	10018
797	10788
2882	2883
159	5749
881	11615
2966	2983
732	10391
598	9628
545	9121
710	709
4207	4220
20	4440
763	758
3071	3077
43	46
90	5038
373	425
58	60
367	287
209	6085
1628	1731
22	31
54	4789
745	10493
583	582
268	6737
176	5902
1000	12921
117	5328
1002	12897
199	194
7	4374
655	9982
393	373
970	12610
637	9806
667	10022
543	9096
327	328
941	12357
4011	4020
844	11376
660	10020
827	11124
1014	13016
14	12
1801	1802
127	5380
964	12573
249	251
393	402
56	1495
3414	3420
149	5614
637	9810
729	720
806	11007
843	11357
648	6713
581	573
700	710
94	5073
383	6623
166	5800
762	766
2132	2149
957	12483
740	55
1551	1560
405	408
303	319
3212	3213
14	4470
995	12904
69	73
804	815
444	461
785	794
761	748
920	12092
826	11107
536	8977
393	406
419	8085
105	5234
836	11237
2057	2066
399	407
388	7842
984	12762
533	8945
629	9773
115	5250
596	9524
482	8568
746	10481
360	7512
583	9435
1858	1872
483	493
150	5632
26	4614
2235	2238
978	12586
899	11878
741	10483
159	5744
520	8834
262	6646
691	10177
38	4683
335	7175
559	9333
758	10539
328	7041
249	256
642	6619
813	1945
924	926
718	721
359	7492
2312	2313
51	4793
313	305
57	4813
383	7784
508	8743
4107	4109
159	5555
357	7472
166	5801
537	9002
4011	4016
2413	2416
133	5448
672	10029
558	9321
630	9799
273	6780
472	465
963	12542
449	461
443	450
339	7224
127	5379
843	11359
381	7762
460	8526
202	6025
920	12007
659	672
979	12690
834	11197
3841	3844
208	6038
377	7703
3261	3273
2523	2530
2057	2058
3990	3998
94	92
742	10485
819	11046
516	8744
1304	1310
3261	3272
115	5284
815	11049
920	12097
2861	2875
887	11689
681	652
592	598
409	411
762	752
2903	2923
407	7964
140	5525
945	951
932	12209
3128	3132
909	11983
946	960
744	4820
795	10918
4023	4032
98	5121
650	9909
739	10450
2861	2872
310	307
2747	2756
748	753
1628	1727
426	436
847	11408
329	7063
913	12022
580	9434
791	10886
1066	1078
203	202
887	11681
591	9565
135	5474
386	7823
794	10909
570	572
726	717
578	9461
1699	1673
66	80
467	478
710	697
568	9417
970	12611
580	9471
347	7340
697	10203
189	6000
179	5937
7	4369
3583	3601
3364	3365
576	572
615	632
1651	1667
935	12264
784	10797
1003	1008
477	463
68	4862
502	8710
793	10907
368	295
188	190
321	7032
959	12503
199	5986
568	569
586	9422
394	7855
467	481
384	7803
968	12578
320	310
1651	1671
104	5211
156	5720
1283	1297
579	9410
64	72
1913	1927
299	301
933	12237
925	1291
770	10626
769	10593
355	7433
578	9431
790	10860
322	6948
12	19
468	477
221	6254
888	11711
601	9655
579	572
936	12289
52	56
643	9874
264	6680
226	242
196	6005
137	5500
803	10991
159	5748
396	7876
552	9209
592	599
743	10487
1913	1918
546	565
922	913
369	7611
591	9562
456	8449
311	309
916	12054
1024	1034
3732	3734
74	73
450	457
796	784
1045	1061
631	626
289	301
150	5631
219	6231
209	6095
66	65
515	508
340	7249
185	187
581	9479
141	5375
103	5203
392	7855
579	9414
3029	3048
190	199
826	11100
3457	3466
273	6771
3862	3872
180	5964
604	260
1934	1945
611	9737
4150	4166
79	4974
498	491
262	5483
518	8826
271	6757
608	9718
334	7157
761	749
4336	3376
391	371
1437	1453
451	443
598	9629
1422	1436
659	673
1593	1611
804	820
199	196
664	669
583	9434
343	7290
163	164
2789	2795
816	11057
735	10423
807	11007
987	12808
804	810
596	9606
3385	3390
922	12119
22	32
10	4403
964	12569
512	517
44	4759
3520	3535
786	10822
622	620
547	9148
249	259
954	12462
449	444
669	10019
37	2685
823	821
59	58
308	305
518	8827
903	906
47	1495
361	7516
2987	3000
763	747
978	12682
649	9899
1205	1215
82	69
835	11225
284	281
752	10510
2434	2452
199	5990
388	6621
685	7733
1458	1473
992	12877
11	4417
670	10018
803	10994
909	912
887	11694
700	703
95	94
357	7459
600	9637
491	502
3499	3507
919	12076
461	8530
825	831
2371	2379
910	907
3191	3195
642	641
2250	2263
180	5946
608	9713
453	8397
604	609
953	12443
190	189
660	10031
527	526
16	4360
763	757
46	4785
830	11145
598	9551
991	12847
640	7766
2768	2781
8	4375
2588	2600
422	436
609	9702
355	7423
349	7391
2945	2956
3776	3791
576	9448
751	755
118	5285
781	10777
3086	3087
490	493
571	579
953	12449
732	10399
2903	2915
130	5368
922	11998
408	7954
755	10514
146	5553
838	11267
301	1479
985	12789
2214	2234
714	10288
911	11997
1422	1425
898	11802
706	10194
3797	3816
792	794
1009	1010
827	826
733	10418
453	8386
811	11029
153	5678
864	11549
994	12889
819	11070
2132	2141
778	10745
983	12744
629	9774
923	11959
304	310
18	4515
392	7534
544	9108
983	12748
545	9127
894	11800
472	469
554	9252
1737	1742
3323	3334
267	6735
958	12416
294	1479
316	6992
526	540
3107	3119
205	211
77	4940
624	615
338	7212
619	623
499	500
1066	1083
263	6667
10	4395
268	6673
3170	3185
128	5391
851	11444
775	10691
4271	4277
139	5518
516	8808
787	10832
108	5240
952	12427
526	545
411	7995
729	10337
593	9524
816	11023
421	8010
863	11470
734	732
342	329
254	259
139	5520
338	7214
1761	1776
447	451
220	6245
3323	3336
770	10630
419	8084
3968	3975
932	12207
465	8566
1003	1018
1006	1016
765	761
2508	2522
981	12739
551	9200
2353	2370
635	625
118	5346
815	11013
9	21
222	6258
3732	3733
831	11163
862	11529
224	6297
175	5900
788	10811
378	7724
303	321
863	11542
916	12057
44	4769
3414	3433
3170	3174
633	631
144	5550
737	53
636	646
826	11101
18	4519
498	497
902	11902
313	6950
204	195
526	544
3711	3714
260	267
300	6935
91	92
198	199
795	10799
297	6920
954	12476
898	11861
660	10025
428	8183
750	10512
169	5811
836	11244
995	12915
503	8713
946	951
1934	1940
720	733
790	10821
863	11477
64	70
2825	2831
438	8297
3282	3296
121	124
4	9
806	1616
454	8398
2214	2216
685	10130
546	548
845	11385
675	10027
335	7178
806	807
1143	1162
79	4977
320	7024
462	475
82	73
668	10016
355	7415
276	6843
3457	3470
2193	2207
1045	1047
806	11004
20	4543
223	6283
189	5997
195	187
625	635
1359	1369
758	10546
24	4561
755	750
53	1495
378	7723
41	4731
706	709
978	967
3282	3290
441	8324
3191	3208
2810	2821
381	7777
291	301
861	11516
906	11944
146	5556
616	9747
365	7574
958	12497
823	11034
386	7821
834	11198
396	7825
370	288
774	10676
1087	1106
643	9865
140	5524
623	625
630	9789
282	299
2392	2399
63	1497
379	7745
125	5352
142	151
20	4437
802	10886
973	976
568	570
4	1
298	6917
410	7988
1699	1675
191	193
2172	2176
793	791
567	9407
2789	2796
726	730
556	9290
908	11970
642	9851
57	4789
3862	3867
942	12372
8	4382
851	11437
761	10511
530	537
442	8327
701	694
206	6047
1273	2347
576	573
2057	2073
253	6570
10	4406
663	10069
826	11111
119	5248
3414	3423
926	12145
4227	4239
602	614
2924	2934
207	6058
365	7579
864	11543
76	4893
123	130
3583	3602
2037	2046
4086	4096
107	5240
3435	3441
521	8854
356	7452
116	18
24	4570
286	296
560	9348
608	9711
2172	2180
3	14
806	10998
1636	1641
392	7856
632	621
809	11021
499	492
633	620
174	5877
791	10880
887	11690
936	12299
365	7577
765	10512
288	6883
298	297
26	4610
552	9215
750	765
654	9968
833	11175
717	10321
2078	2095
526	534
979	12706
958	12409
735	10436
1380	1383
1359	1365
519	504
434	8249
847	11406
3107	3110
845	11392
409	417
481	471
113	4523
954	12457
714	10297
616	633
818	817
882	891
57	4803
352	7412
2966	2976
967	979
619	9747
456	8444
1738	1754
179	5944
539	9018
150	5604
263	6666
799	10974
2588	2599
2012	2030
816	11055
811	11027
407	267
112	5295
532	8932
413	8026
506	524
46	52
4045	4062
243	6482
123	122
729	722
712	10260
523	8714
724	720
507	8734
294	1487
457	8461
205	206
64	69
43	52
259	6580
306	307
1283	1294
542	9073
659	675
643	9878
982	996
188	197
988	12833
884	11654
960	12519
284	1483
881	11604
3732	3741
303	320
9	5
12	4436
478	8595
862	11525
34	4660
453	8392
4248	4263
4150	4152
149	5611
25	4588
246	6551
657	662
1530	1539
790	10875
2618	2633
446	445
1	14
817	814
4107	4120
2654	2660
206	6050
394	362
391	373
371	383
1304	1307
704	700
1551	1558
642	7622
978	12578
225	6314
2057	2072
787	10837
3862	3873
131	5424
2508	2515
24	4566
355	7427
809	817
936	12282
1636	1649
184	194
752	759
93	5045
177	5913
607	9686
924	932
1009	12968
482	8623
401	422
15	4481
941	12367
918	912
3647	3660
982	988
352	7408
534	8964
182	5981
482	8620
174	5870
344	356
4023	4029
1437	1441
222	6267
747	763
237	6407
319	6977
507	8726
452	8373
3797	3813
80	4990
438	8304
94	5074
305	308
888	11708
910	11994
406	7951
1241	1248
998	12930
772	10639
125	5362
3170	3182
413	8028
3947	3957
925	12126
1651	1657
4023	4038
843	11361
570	578
4150	4156
595	9591
695	710
662	10032
3797	3802
2618	2626
911	12001
42	4757
391	394
77	4935
660	10027
866	11543
194	5992
1185	1193
532	8930
388	6746
392	7850
3008	3014
529	8891
700	695
691	10175
652	9956
813	2036
587	596
446	459
480	8608
344	353
676	677
548	9161
449	459
197	195
318	304
374	7664
218	6222
756	761
216	6174
245	6532
621	9751
271	6762
78	4861
770	10617
146	5555
2271	2283
603	610
231	6395
795	10814
222	6260
656	9986
635	624
47	55
95	103
451	445
624	626
664	672
149	5613
169	5816
492	486
798	10851
118	5342
3406	3407
672	10015
716	10299
184	192
359	7487
1509	1516
839	11297
372	7626
604	613
72	82
722	734
668	10017
675	10026
839	11288
90	91
796	10930
247	254
866	11546
591	9566
1009	1008
515	8720
515	8774
730	728
222	6266
6	9
933	12235
806	1615
648	645
200	197
4248	4253
85	92
3385	3405
764	749
552	9212
770	10612
93	5015
649	9904
898	11857
146	5567
975	12655
668	10032
451	447
549	9166
952	12438
3029	3039
4192	4193
285	6875
561	9361
957	12478
794	10806
113	5250
1122	1125
2312	2326
830	11125
177	5909
460	8521
742	57
322	7035
1509	1519
916	12051
3170	3187
753	755
298	6910
534	8955
764	767
122	126
1479	1482
775	10597
427	8162
494	503
629	9780
4207	4209
518	8819
97	5116
2882	2884
211	6117
702	10193
975	12652
881	11618
726	718
192	199
515	8773
721	10333
273	6781
175	5891
3008	3028
4128	4142
786	10819
375	7686
2153	2169
930	941
4171	4172
188	189
912	12010
504	509
1621	1631
3282	3298
606	9679
75	4903
791	10787
917	12040
65	4835
3235	3236
97	5104
2691	2695
446	457
536	8983
571	580
767	751
559	9339
640	9826
733	10414
727	10344
5	15
131	5426
17	4413
219	6062
319	6979
3754	3756
387	7833
828	825
984	12772
288	297
408	7972
585	9505
2691	2702
221	6256
131	130
449	460
1004	12975
64	74
364	7556
525	534
200	5993
655	9981
928	12152
459	8496
894	11801
368	1484
3212	3228
331	7099
690	10170
85	97
499	498
289	370
673	10076
216	6178
207	6055
3818	3826
356	7438
407	7958
3128	3140
927	926
748	751
273	6789
340	7253
457	8473
506	519
464	473
323	332
4336	4353
375	7676
828	11128
452	8372
150	5630
1970	1980
757	10534
314	310
2312	2329
4086	4088
819	818
393	7860
3541	3543
4192	4201
2572	2574
275	6814
849	11432
110	5289
90	94
899	11872
179	5939
3668	3673
3050	3058
649	651
399	405
311	6958
586	9402
960	12537
310	6950
2654	2673
883	11632
2153	2165
3323	3329
679	10109
3690	3704
591	9556
3212	3229
1672	1676
933	12228
896	11818
894	11793
1437	1446
821	11023
797	10947
508	8720
998	12925
26	4608
3344	3351
365	7590
2455	2473
654	9902
2538	2543
700	705
661	10040
973	970
982	991
960	12522
720	716
389	7743
896	11811
1045	1058
705	697
3414	3417
28	4648
3344	3357
694	708
716	715
1530	1547
221	6257
631	621
47	51
795	10920
3990	4002
180	5953
2639	2653
3344	3348
524	8866
679	10104
994	12893
954	12464
360	7502
388	390
1004	12971
1458	1461
920	12091
154	5703
641	6616
198	6008
491	8663
141	5526
2172	2184
838	11272
788	10848
229	6363
589	599
867	870
282	298
915	12039
531	8903
97	5113
603	608
48	58
1636	1650
170	5826
211	6124
392	409
336	7191
39	4707
528	525
305	322
408	7985
185	189
254	6580
91	5047
322	7036
901	11895
729	10332
525	543
925	12130
539	8954
282	284
3732	3747
20	4552
897	11835
814	809
788	10805
615	633
139	126
443	445
226	228
461	8537
495	496
606	9676
303	314
1738	1760
455	8423
192	187
640	9824
718	724
204	5987
3668	3681
974	12641
419	8098
1651	1663
164	5764
359	7479
293	283
717	10310
413	8025
604	607
567	579
1380	1390
554	7620
811	813
134	5470
651	9939
987	12818
346	7318
702	700
540	9021
663	10063
2172	2185
598	9581
624	630
1122	1132
930	10582
170	5835
423	424
1380	1382
65	4836
1401	1405
4107	4125
3926	3931
92	5060
517	8775
190	5994
2987	2992
125	128
592	590
132	5446
100	5157
411	7997
511	504
231	6381
532	8935
731	10373
140	131
478	8590
927	12158
3647	3657
959	12502
5	12
1283	1298
1738	1750
2588	2589
395	405
859	11431
117	5330
1879	1885
4045	4058
992	12865
470	471
621	9754
130	127
299	6921
1007	12983
438	8141
188	5987
794	795
460	8511
983	12755
3690	3693
943	12395
978	12686
642	9855
195	5986
173	5852
465	473
690	10171
11	4418
196	194
758	10548
449	456
780	10761
685	10139
506	521
505	8723
412	8019
826	828
3626	3644
409	415
917	908
463	8551
416	8067
335	7174
759	751
3261	3265
362	7536
2559	2563
918	12077
529	8885
790	10863
191	6006
44	4764
852	11450
109	5270
756	763
527	534
667	10014
697	10202
945	953
619	625
421	8011
863	11541
501	8681
1108	1116
19	4535
973	974
2413	2430
623	630
330	7070
588	9529
3191	3209
309	305
889	11726
296	366
690	10165
2572	2584
470	464
391	400
213	6153
572	578
500	484
555	6809
598	9521
514	8784
984	12779
514	8796
154	5699
340	7247
567	573
331	7085
997	12927
430	8224
1816	1825
557	6818
757	10535
346	7332
499	503
458	8009
331	7090
338	7219
905	11927
766	10566
789	10858
368	7594
628	617
619	615
3149	3153
888	11705
1673	1678
798	794
276	6837
475	469
3754	3764
4207	4212
1509	1524
4011	1870
960	12527
995	12909
5	8
792	795
480	8615
670	10024
647	9892
884	11648
396	7871
39	4694
174	5873
789	786
598	9536
411	8002
942	12384
357	7463
416	8076
65	4843
580	9474
3541	3553
128	5370
274	6808
461	8529
454	8409
794	10803
789	10854
189	187
669	10016
262	6648
620	625
24	4559
897	11829
843	11351
2882	2888
941	12361
821	813
722	719
658	9997
565	9386
715	721
618	620
201	204
137	5505
289	296
619	622
652	9946
1014	13017
643	9877
237	6404
253	250
146	5560
1572	1578
41	4724
556	9286
691	10173
673	10014
361	7520
38	4684
981	12728
583	9453
799	798
935	12260
611	9738
514	8783
1732	1704
191	196
288	6881
249	255
742	4771
416	6647
2747	2759
443	421
848	11431
426	422
975	12663
492	503
597	9618
126	5375
884	11651
54	60
738	10465
598	9565
918	919
44	4772
293	297
640	9821
4065	4082
902	11898
298	6904
759	10562
438	8136
1738	1758
963	12544
551	9204
1007	1011
741	10481
2012	2025
901	11890
1934	1947
190	195
530	542
721	10329
3668	3671
558	9309
600	9568
223	6284
343	7287
