3075 3092
5544 5547
2358 2373
3195 3196
5290 5298
548 563
1577 1591
3136 3150
2588 2602
726 733
5565 5579
889 891
2991 2998
2508 2751
2726 2744
4049 4056
2358 2361
622 623
425 427
4395 4400
401 405
2009 2022
2884 2886
1618 1637
4351 4367
358 362
2843 2858
4816 4825
1488 1476
3908 3916
4532 4534
3054 3066
402 405
1823 1842
379 387
3308 3314
4092 4102
3653 3661
4795 4806
2243 2244
5443 5450
768 780
768 3838
3830 3838
3465 3463
5565 5585
5381 5400
5320 5330
1923 1914
1 15
84 97
1808 1781
1877 1882
4858 4876
3219 3238
3747 3762
1967 1974
2609 2234
1806 1812
706 716
4464 4478
3033 3037
5402 5414
716 714
5007 5026
4755 4757
5103 5116
3551 3555
2589 2595
1743 1758
4742 4735
3475 3470
337 349
548 549
706 707
3291 5313
3308 3318
3157 3165
2830 4611
63 68
5269 5287
3497 3513
4697 4708
5144 5148
3033 3038
5544 5559
1877 1878
768 456
1259 1263
4215 4216
3908 3911
3830 3843
720 714
2105 2110
2588 2596
682 687
1785 1800
3579 3474
3627 3893
4289 4302
2226 2232
337 340
2440 2456
2229 2616
1047 1066
4401 4405
5423 5424
3195 3182
2105 2116
1701 1704
4776 4794
148 156
3329 3330
3632 3651
1619 2344
3177 3191
747 749
50 1333
324 316
4735 4753
718 706
3456 3517
1865 1874
5049 5066
5144 5161
3610 3628
3926 3941
212 215
4507 4510
2827 2825
2419 2438
1374 1394
3177 3184
4644 4645
3392 3412
446 458
4215 4222
3965 3968
3413 3418
4861 4870
5028 5044
83 89
5402 5409
2125 2536
4414 797
1967 1979
711 712
2030 2046
2125 2526
1618 1622
4735 4752
5381 5385
3240 3243
4443 4444
1026 1038
476 475
1921 5631
4795 4807
2726 2732
1722 1729
1925 2937
5586 5598
805 807
32 24
3747 3760
1779 1808
4113 4114
3627 3897
1879 1870
1619 2352
3768 3776
2285 2291
3926 3935
1923 2313
4965 4980
1395 1408
3551 3560
5007 5022
1990 1993
1 18
3179 3186
910 925
1050 1616
1988 1994
2505 2517
3473 3474
3033 3036
3329 3340
4134 2016
1988 2002
2400 2406
4007 4012
2797 2810
716 718
3329 3332
2632 2633
1619 2343
63 81
3552 3568
4443 4445
2076 1808
2863 2874
4237 4247
4574 4585
1865 1864
5165 5181
4310 4316
3115 3135
5638 5651
3747 3763
465 1283
84 94
4861 4860
2208 2221
4289 4299
476 1367
3371 3374
3768 3772
5381 5391
4401 4643
4289 4306
3350 3355
1556 1573
5443 5461
2827 4531
2508 2748
316 319
1299 1312
1878 1877
4049 4067
3240 3249
2076 2080
4092 4100
1967 1983
169 189
4443 4458
1823 1831
1536 1553
4310 4155
4837 4857
4007 4013
573 575
4028 4039
5103 5111
5144 5159
4927 4945
768 773
3809 3814
4861 4865
3871 3889
2644 2656
32 21
2938 1882
3908 3913
3726 3739
4553 4571
5269 5272
169 184
1764 1767
527 542
21 37
910 924
569 587
4194 4196
1734 2171
4149 4152
725 721
3850 3851
3285 3284
1818 2911
464 471
889 909
3012 3029
5586 5587
1166 1169
3262 3269
717 718
3291 5314
1923 2319
50 1336
1660 1671
1865 1816
2508 2510
3653 3671
3476 3480
2009 2025
2705 2725
3457 3526
3965 3969
868 885
4697 4707
2276 5091
2588 2599
232 252
1879 1882
2818 2827
1905 1925
1556 1571
3551 1073
3632 3652
1488 4415
2030 2040
2187 2207
2644 2652
4113 4124
910 919
1764 1770
2226 2241
2863 2880
3705 3711
1681 974
4742 4925
5522 5537
2505 2515
4532 4548
1884 1895
4697 4711
190 198
1343 1345
3329 3333
4697 4713
5185 5193
5402 5418
5248 5258
4697 4715
42 44
3631 796
5381 5397
5049 5050
2949 2958
2818 2831
2146 2156
2419 2421
1474 1493
3610 3630
128 130
4215 4217
3830 3840
827 829
749 756
3286 3278
2884 2885
128 134
4574 3053
1086 1092
2550 2563
4878 4897
2146 2165
1517 1522
3240 3257
3329 3336
4507 4509
1198 1215
4422 4427
2949 2968
2843 2859
826 839
5381 5387
1779 1765
212 231
324 332
680 697
5028 5039
4393 4404
26 30
2076 1806
2818 2826
3986 4000
951 643
1086 1091
5049 5051
4776 4787
464 476
2705 2716
4676 4685
2146 2159
4049 4057
2632 1905
1474 1491
1877 1864
1812 1808
1395 1396
1806 1821
632 703
2419 2434
5484 5501
1556 1557
2400 2413
295 308
1785 1790
64 70
748 762
2419 2433
148 151
1734 2179
1166 1172
3476 3486
3705 3718
3264 3266
30 22
506 524
4330 4334
847 851
3588 3592
4149 4151
3632 3650
4644 4648
847 862
2320 2323
3284 3273
5362 5379
4485 4496
1864 1881
2705 2709
5070 5077
1785 1794
4965 4971
5320 5337
3578 3474
5049 5056
1517 1525
4351 4358
64 79
4092 4112
1923 1905
169 185
4351 4353
1990 1994
1808 1815
3457 3472
3986 4004
1147 1156
4249 4251
3476 3491
2970 2978
2010 2028
1166 1175
659 675
1577 1578
3136 3155
3054 3071
3497 3507
4149 4168
3261 3184
2125 2537
2285 2301
63 75
1147 1162
4330 4344
2797 2811
1050 1602
1877 2629
1734 2185
1556 1559
83 90
3054 3070
1681 1693
1536 1548
3261 3182
2400 2402
190 207
128 132
3392 3393
1517 1520
3588 3596
2052 2060
1619 1636
3350 3367
4401 1282
2705 2717
2461 2480
4351 4365
717 712
2818 2824
2440 2443
5007 5024
1198 643
1967 1976
1923 2307
3240 3260
212 221
5007 5025
748 756
4113 4115
5381 5390
5484 5489
2505 2521
682 681
4149 4158
3627 3905
5565 5571
748 761
4134 4143
2461 2476
4776 4778
827 831
2863 2869
1515 1533
2107 2113
232 240
4676 4683
2107 2118
1068 1077
3552 3563
2830 4616
4795 4812
4861 4863
4414 798
2264 2284
29 421
3178 3197
590 35
3653 3662
1946 1959
1069 1081
2276 2278
2146 2166
4858 4870
3157 2052
1808 1820
1823 1827
1577 1587
2320 2321
5290 5294
5522 5532
4795 4796
2830 2828
1107 1109
1047 1048
1921 5634
527 547
3392 3398
569 586
5522 5541
5185 5189
1785 1793
1905 1921
573 569
1343 1358
3392 3402
3874 3949
1722 1735
5007 5010
965 969
3096 3108
1068 1071
1818 2916
1619 1627
5248 5253
2884 2904
3284 3278
1517 1530
2827 2835
1432 1444
1283 465
3291 3297
1374 1390
4507 4513
21 38
951 956
3096 3105
680 690
1990 1992
768 770
2757 2035
3653 3654
1785 1791
4485 4492
3329 3346
3632 3642
2440 2444
3789 3790
3578 3579
590 422
1926 1935
3178 3184
3578 3473
2107 2109
3475 3523
1577 1596
4395 4405
1517 1535
1967 1970
2482 2485
5423 5429
2550 2551
4927 4941
4464 4474
4443 4446
4776 4782
2757 2761
3965 3979
5144 5162
5049 5061
2609 1854
4049 4060
3747 3758
717 719
2379 2389
3705 3717
50 60
1050 1600
3476 3492
1299 1308
1681 1695
4237 4241
826 832
1639 1651
1967 1981
2084 2100
5206 5222
50 1335
2126 2135
211 227
4443 4449
1432 1450
337 348
5522 5525
4172 4191
211 230
3413 3424
3284 3267
2076 2073
2884 2903
3809 3815
3177 3183
211 214
2285 2293
1618 1636
2107 2105
5402 5412
4351 4361
4507 2656
3392 3403
212 217
1619 2347
3240 3250
2588 2589
3474 3475
1764 1771
5123 5137
4927 4937
5123 5135
2229 2618
1147 1157
4574 4580
868 888
720 712
2949 2954
4149 4155
2949 2956
683 685
3552 3572
63 74
3012 3023
2705 2706
4858 4862
2285 2296
4858 4863
4071 4089
877 5464
2084 2087
5402 5421
3457 3470
5144 5150
2949 2957
1259 1269
4395 4396
30 41
104 106
3627 3903
682 692
4898 4906
2229 2226
4071 4072
1990 1991
2664 2666
1127 1146
5206 5220
5381 5392
3926 3945
3264 3278
1925 2923
324 325
1517 1534
3908 3919
1495 1506
2726 2746
1925 2642
5381 5384
169 179
1238 1258
401 414
2550 2555
747 766
4330 4333
2508 2747
951 964
3291 5311
4742 4743
4718 4733
2379 2387
425 437
4665 3338
21 33
2949 2953
2461 2472
4553 4567
3986 4003
3263 3268
1843 1854
2482 2494
1147 1159
1988 2003
2461 2465
2685 2700
1536 1555
985 989
2285 2304
2705 2707
3285 3267
785 790
5269 5280
3329 3331
4028 4037
295 315
2320 2339
1884 1894
4028 4038
3610 3619
2757 2767
3285 3273
446 457
1923 2318
63 76
3579 3700
4092 4099
1147 1150
211 231
3262 3272
3726 3743
4986 4987
1878 2627
3456 3525
1006 1010
1283 1425
2571 2572
402 408
1988 1990
63 71
4795 4808
720 721
2827 4526
2664 2678
965 978
2146 2164
4071 4078
5381 5382
211 216
2970 2972
4268 4286
4858 4869
632 705
2589 2596
50 56
682 696
3578 3704
1865 1866
3631 804
720 710
965 984
1217 1228
2084 1949
1877 1883
3177 3189
643 654
465 1295
1806 1818
2208 237
1495 1498
1905 1916
5638 5643
1395 1411
5028 5047
2229 2234
1865 1883
3926 3932
506 521
2588 2592
5443 5458
4172 4184
476 1365
2588 2598
3631 797
4986 4993
2076 1765
2550 2569
3473 3472
1925 2924
5341 5343
2776 2779
985 994
3627 3902
3196 3181
4422 4442
4249 4263
1068 1070
1722 1739
659 674
1556 1570
4237 4239
3768 3787
3992 5609
2243 2246
1147 1152
573 579
83 87
748 767
3115 3119
63 79
4591 4598
1198 1209
632 625
1453 1462
3465 3518
1068 777
401 406
1923 1922
3530 3542
2440 2442
1299 1314
4676 4682
2419 2431
590 32
1217 1224
3809 3819
2010 2024
569 572
1639 1643
30 35
506 513
324 335
4837 4839
4927 4942
4414 794
1743 1760
1453 1469
590 421
2052 2067
295 307
3157 3168
5290 5302
1988 2008
211 217
3809 3825
590 24
2827 4524
337 353
211 219
211 223
253 258
3434 3449
253 269
2589 2599
3768 3779
2685 2701
29 23
1127 51
2084 2099
2320 2322
64 73
232 247
683 694
4393 4410
785 803
622 632
1299 1307
3262 3280
3965 3981
965 983
2320 2336
1320 1323
476 481
337 351
4735 4738
3413 3423
2588 2591
2461 2474
2226 2231
1925 2928
324 326
2358 2363
3262 3274
2226 2242
4665 4668
5362 5369
83 88
2632 2640
1187 1190
1488 4419
2052 2056
3473 3471
4464 4483
5423 5434
3115 3128
2843 2848
1681 1699
1068 770
4755 4769
2863 2870
1823 1830
2187 2190
2705 2724
2726 2742
2276 5098
50 43
1488 1484
1068 1073
2509 2514
2208 2225
1988 2006
930 946
4049 4058
2550 2558
3551 913
42 50
3371 3377
3115 3116
1734 2177
717 725
3284 3276
1453 1459
4927 4946
548 553
1701 1721
3195 3187
1808 1807
5362 5367
3350 3360
2009 2012
1877 1865
1320 1325
2827 2829
274 289
4310 4313
951 959
3497 3516
1808 1779
1432 1445
1238 1247
3674 3684
2991 2999
4898 4914
5544 5556
1879 2549
402 409
2105 2107
1823 1833
717 710
32 35
2482 2487
2991 3006
1474 1483
2509 2515
4134 2696
3329 3347
706 717
5123 5140
3986 3998
1536 1542
706 708
1990 1998
747 763
5227 5234
718 715
805 811
965 252
2757 2760
3308 3319
3075 3090
379 390
2243 2259
1047 1063
1818 2910
3178 3193
5007 5011
295 299
1515 1517
26 28
2125 2541
2125 2538
1453 1466
2461 2468
1515 1535
3455 3464
2461 2466
212 214
379 392
3632 3643
1086 1099
3992 3997
1779 2078
3457 3456
5505 5507
768 771
5443 5448
1187 1195
379 380
2505 2522
506 514
4215 4233
4618 4621
3476 3489
4289 4300
985 998
4755 4766
1812 2078
930 938
2208 2211
2827 4529
3850 3859
726 744
5484 5500
401 400
3136 3154
107 117
805 822
1639 1659
4268 4287
2379 2390
1879 1866
1395 1397
2276 2267
4395 4406
2276 5102
965 973
2705 2710
3992 5619
4289 4301
3287 3292
1681 1690
1808 1770
1639 1657
3580 3579
3850 3861
1515 1518
5227 5240
4464 4472
3456 3466
805 813
253 262
1884 1889
2187 2188
3456 3587
5070 5072
2949 2951
3871 3877
889 904
401 419
83 84
3579 3585
83 94
3456 3523
30 34
2818 2821
190 208
3908 3917
2797 2816
720 725
3578 3703
2509 2507
569 573
42 56
232 249
3653 3666
3054 3064
107 110
2863 2883
3747 3755
42 57
2125 2117
2949 2952
3580 3585
1343 1360
1988 1996
2776 2790
4485 4487
3530 3533
4249 4258
4718 4730
5165 5169
402 413
4795 4800
4485 4491
601 610
826 843
1238 1240
3033 3044
2208 2210
868 878
3455 3461
2400 2410
3926 3942
2482 2499
212 223
4574 4575
1988 1997
682 699
3284 3265
4393 4401
2009 2019
3456 3584
2010 2023
1047 1060
910 914
4395 4398
720 715
3178 3195
5522 5528
1990 1997
1864 1875
4837 4848
3413 3425
1050 1608
1879 1868
1921 2310
2830 4519
1536 1540
569 585
3284 3275
3965 3975
1515 1522
4507 2522
1047 1054
1926 1927
3908 3105
5028 5045
2379 2397
3178 3185
42 59
5586 5588
1879 1864
2588 2595
5227 5247
2126 2136
683 700
2776 2777
3219 3228
3578 3695
1299 1303
726 735
682 683
5484 5493
4898 4911
4665 4666
3456 3475
4422 4429
1884 1899
4194 4207
1474 1477
148 161
3965 3973
4965 4966
4986 4999
1217 1235
3631 795
21 41
446 456
32 421
3371 3390
4986 5002
1806 1815
4718 4719
2508 2750
3262 3263
2550 2554
4948 4962
1517 1527
3198 3218
3054 3073
3054 3061
2830 2820
2084 2089
2970 2986
1217 1225
2419 2420
4372 4375
1198 1212
4553 4562
1660 1666
2076 1767
2705 2714
5103 5108
3789 3800
569 579
5123 5142
3392 3406
2379 2396
1536 1543
622 625
84 100
711 709
3578 3580
1722 1730
4395 4411
1515 1531
3474 3473
5103 5118
4776 4788
402 410
4507 4515
3179 3182
2419 2425
2884 2888
401 410
5144 5164
4878 4886
3674 3690
1812 2081
548 568
3850 3868
1923 2309
1259 1274
5484 5486
4878 4887
3580 3474
3552 3567
1812 2077
3198 3208
379 384
1198 1206
4149 4150
506 522
2644 2648
3136 3144
3631 803
464 467
4591 4604
1905 1912
274 278
212 230
169 175
3578 3587
3413 3421
3473 3466
2010 2021
4986 5000
3900 5479
1238 1257
3588 3589
2125 2534
5269 5279
4134 4139
1343 1350
4443 4461
1556 1560
4464 4476
3198 3200
5402 5410
827 832
711 708
1946 1966
1926 1933
5290 5291
3287 3299
1198 1213
1320 696
1086 1105
1299 1305
29 36
4858 4866
3850 3856
1343 1346
2938 2629
3434 3447
4718 3104
1495 1514
4718 4728
3196 3178
2505 2512
527 543
1990 2051
3178 3183
4644 4656
1217 1223
84 91
5586 5596
3551 3554
4149 4153
1779 2075
4249 3402
2970 2979
4898 4903
2949 2962
3465 3469
485 486
1283 1430
1864 1876
1283 1420
5402 5422
632 629
1779 1809
3579 3475
5505 5518
847 858
2187 2198
3195 3192
400 420
21 39
2863 2876
5443 5457
1823 1829
4618 4630
5402 5417
2863 2879
1946 1955
847 860
1905 1924
2105 2123
717 723
4113 4127
3286 3272
30 32
1217 1233
2226 1854
4393 4405
2105 2125
2010 2011
4697 4700
2264 2267
717 706
4574 3046
2009 2028
4861 4873
1812 1765
1823 1832
3284 3286
5227 5239
785 788
190 202
5123 5132
324 321
3908 3925
748 752
1453 1467
889 896
2226 2238
2419 2435
951 961
26 21
1884 1892
2400 2404
5227 5231
4330 4343
2010 2018
3177 3192
3240 3247
2208 2209
2320 2338
1320 695
1127 1144
3474 3466
1006 1022
104 105
4858 4860
3579 3695
725 716
2400 2285
1734 2174
83 103
4049 4066
2571 2582
3653 3658
4393 4412
1785 1795
253 268
1238 1252
2827 2831
3726 3738
3262 3265
4948 4318
2505 2513
4665 3340
1166 1178
4861 4866
2226 2229
910 459
2588 2590
253 265
3830 3841
1921 2317
337 354
2938 2626
3219 3237
5123 5139
3850 3857
1988 1989
4644 4646
5049 5068
3908 3915
2208 2214
42 49
2126 2142
1515 1520
1946 1956
400 401
910 911
4735 4736
527 540
3264 3275
1946 1951
5103 5119
1779 2081
5070 5088
3809 3810
3263 3273
1432 1435
5443 5460
5185 5202
1743 1746
3580 3698
4861 4859
3476 3493
3705 3719
2358 2367
465 1292
2685 2702
3830 3842
3455 3466
4986 4996
5070 5071
1785 1801
985 1004
680 682
632 627
4237 3105
706 723
1806 1816
3240 3242
3631 789
1843 1862
3329 3337
1556 1563
274 293
4310 4325
1639 1655
337 356
4268 4281
1536 1537
32 37
3747 3749
3413 3415
5007 5017
2243 2255
400 408
1432 1440
2797 2815
1806 1817
84 87
2482 2488
2226 1843
2644 2662
3476 3485
3033 3051
1618 1624
4795 4813
1812 1782
4237 4238
4898 4915
1884 1900
3329 3342
1166 1168
2609 2614
3726 3727
3705 3721
1577 1593
4310 4326
1086 1098
3287 3296
5402 5416
3631 788
3455 3457
5565 5575
3726 3742
718 722
1127 1132
2664 2671
4795 4814
1743 1762
726 746
21 24
4351 4356
506 518
827 844
2146 2148
3986 3991
1879 2544
3434 3438
3308 3324
2105 2119
4898 4902
1925 2934
1884 1890
2076 2072
683 697
2726 2727
5402 5420
3096 3103
169 181
2938 2943
4149 4157
1884 1891
1127 1130
5028 5041
951 960
3054 3072
4816 4820
5248 5267
476 1366
1925 2932
4795 4802
1488 1491
4755 4759
2776 2785
659 670
3908 3918
930 941
1843 1853
4049 4059
3195 3190
930 944
2797 2802
4898 4905
749 762
749 766
2461 2479
4591 4603
2052 2071
5505 5515
826 827
379 399
232 235
379 393
3329 3335
1432 1451
26 24
601 620
4553 4570
2685 2686
2105 2109
4172 4190
4395 4394
1878 1865
3627 3629
400 416
2571 2573
1556 1568
1823 1836
3588 3601
1198 1208
3457 3523
4134 4148
148 167
826 828
1884 1903
1701 1713
2827 2838
3627 3611
2052 2066
4735 3011
3674 3682
3726 3745
726 727
2400 2412
5269 5289
3768 3778
2341 2348
1432 1452
4574 4579
2757 2763
32 29
4878 4883
643 563
50 46
128 143
26 591
274 284
1127 1138
3198 3215
4289 4293
3768 3785
4927 4947
3195 3183
295 302
601 608
2664 2675
706 722
1921 2640
4268 4271
1166 1167
1701 1718
3552 1084
190 204
1812 1806
1556 1566
1453 1468
5227 5228
3530 3545
3177 3179
3497 3500
2276 5095
4574 3038
2126 2137
84 88
2187 2197
5269 5284
2797 2813
2076 1809
2187 2200
2243 2251
590 424
1395 1410
2685 2695
5362 4164
446 454
5144 5155
3054 3056
3263 3262
3198 3205
3285 3270
5070 5083
3610 3616
3157 3163
1299 1315
446 402
3986 3989
4837 4844
107 127
3178 3194
2187 2191
3850 3863
1 3
2126 2139
1047 1049
5544 5564
1618 1629
1343 1349
1818 2908
3588 3597
1818 2917
1187 1197
1734 2183
3157 3164
5341 5354
1238 1251
847 855
768 775
212 226
2243 2245
3308 3316
720 716
4372 4382
3371 3388
4948 4955
826 835
4837 4851
2419 2423
3588 3602
4092 4109
107 126
4948 4951
1818 2913
1577 1585
1536 1541
3674 3679
827 834
868 873
190 191
295 303
5007 5012
4553 4556
4553 4565
148 159
107 116
1488 4421
3434 3444
2776 2791
1925 2922
868 869
2632 2639
5362 5375
3392 3404
1923 2310
4665 3343
3726 3740
5007 5021
868 872
4665 3344
4149 4163
464 484
4507 4511
5049 5064
64 71
3632 3639
3552 3566
2107 2125
1779 2074
5165 5174
3871 3873
3264 3280
1619 2350
1905 1917
5165 5184
1779 1813
4676 4693
402 407
1785 1803
506 516
1818 2915
573 570
4665 4667
2863 2875
316 317
1764 1776
1107 1114
2276 2265
4816 4823
5565 5580
4249 4260
2797 2812
4422 4440
