3562 414
6966 7094
3021 3022
2940 2937
783 865
3632 3683
7656 7665
3453 3452
9181 8978
569 580
5308 5386
130 89
286 294
7634 7636
2020 2032
1309 1312
5058 5087
5344 5354
89 199
9367 9358
2066 2046
2638 2641
9207 9219
10676 10686
1488 561
554 552
6313 6211
10416 10613
7168 7277
3233 3255
10551 10555
6738 6780
9375 9361
7014 7401
3791 3795
10086 10087
8554 8567
9107 9105
503 520
3661 10972
6046 408
3632 3685
6127 6129
9231 9239
4941 4930
15 23
5033 5057
10249 10260
3232 3238
9522 9491
239 260
9413 9408
977 995
1012 1043
4927 4959
9231 8753
9359 9466
4919 4920
1849 1913
8780 8753
10188 10191
5792 5798
7230 7825
7299 7229
2933 2922
10647 10658
9 83
5104 5123
10309 10162
4571 4591
7766 8435
1360 1362
6741 6770
4761 4908
3249 3258
10901 10915
10308 10162
8817 8780
3453 3528
4941 4925
9574 9518
787 849
6046 406
10072 10084
10250 10253
2913 2919
8790 8776
4859 4877
1229 1245
10267 10166
783 868
5932 5910
7290 8638
89 101
2374 2379
169 380
7559 7589
9357 9651
3634 3641
8747 8968
8752 8767
10901 10917
8779 8776
4930 4936
8817 8748
471 529
869 879
2186 2229
5436 5473
10177 10174
9231 9238
2549 2560
165 167
7250 7441
4453 4469
2832 2850
4631 4684
1360 1376
8288 8294
6460 6457
6577 6597
10126 10117
10258 10274
6743 6761
3148 3163
2564 2581
4922 4919
5515 5732
4496 4540
4352 4509
490 483
1146 1928
5551 5663
8793 8767
11049 11143
9383 9399
9900 9902
1146 1884
2076 1993
8777 8785
10662 10674
5277 5291
10184 10129
3974 3981
9043 9044
1821 1830
239 184
2728 2725
9357 9351
7109 7121
3224 3222
3562 6117
4711 4720
11110 11120
2219 2199
4925 4962
5769 5772
10681 10684
1936 1950
6767 6867
4614 4621
6218 6122
6229 6493
10397 10417
6301 6195
10022 9982
7764 7287
7245 7299
10025 10042
11065 11075
8258 8262
7925 7932
8725 8743
2398 2436
6466 6468
13 132
7256 7358
8003 8018
6242 6312
9759 9791
912 972
11267 11284
5836 5840
1300 1335
7890 7910
7805 7817
2920 2917
1586 1815
3328 3385
4711 4723
11204 11218
5907 5902
503 506
4236 4255
5907 5909
3327 3335
5764 5775
7598 7686
6302 6299
4054 4058
2989 3191
9765 9870
9384 9361
9022 9028
5024 5042
7280 8030
8776 8748
6628 6640
869 873
2339 2343
9 72
780 797
9105 9038
5535 5645
8044 8057
2095 2102
8790 9046
7559 7565
8460 8465
6757 6789
8151 8140
6763 6873
2002 2015
5671 5672
8791 8796
565 744
6941 6955
6230 6616
7843 7388
6299 6047
2095 2101
780 781
785 783
6628 6647
7287 7290
4945 5006
6232 6049
3231 3255
2175 2237
2921 2949
3225 3281
2973 3135
165 172
2564 2582
8398 8407
5607 5526
559 699
6232 6200
8771 8778
10007 10009
10017 10170
557 565
3148 3153
9584 9541
177 193
5499 5304
1609 1531
7013 7028
4879 4891
9199 9221
3577 3588
10681 10762
10261 10347
9515 9491
6490 417
8494 8506
2606 2525
9996 10005
785 780
6738 6750
789 855
4792 4797
5535 5531
1586 587
779 782
7246 7228
6462 6235
9358 9428
3918 3829
8194 8199
9358 9360
4930 4947
785 793
3634 3642
10681 10682
4921 4919
14 60
5836 5843
791 558
10249 10255
9369 9387
552 647
10835 10838
8384 8398
9369 9390
4297 4301
2919 2914
7851 7863
8345 8389
4925 4964
169 173
11267 11274
7710 7728
4711 4731
482 478
6525 6047
8873 8748
9105 9120
8731 8869
8345 8375
2749 2757
1309 1310
1002 1006
8793 8804
4103 3410
7855 7854
10677 5269
8460 8468
822 786
4258 4275
3863 3911
10901 10171
617 620
4929 4922
2259 2323
6466 6479
6196 6213
784 783
5162 5165
4792 4806
4236 4251
9493 9501
10684 10724
8342 8344
4120 4124
2615 2607
10032 10050
5526 5618
5104 5125
4474 4491
9105 9108
9800 9763
10295 10893
9413 9380
10249 10263
7109 7120
1841 1843
7373 7507
10184 10365
6700 6716
7251 7237
6899 6905
8056 7817
5776 5771
10266 10276
2286 2167
627 640
9983 10003
3663 3680
8839 8748
6299 6053
1686 1656
3327 3341
5324 5334
403 405
8158 8168
8345 7381
5179 5058
11207 11288
10979 10996
100 22
11207 11303
286 293
9044 8753
9492 9528
8273 8286
9765 9755
8860 8915
10794 10802
1258 1270
3327 3338
6572 6527
10551 10558
7239 7495
9732 9748
167 198
8725 8739
3082 3093
7634 7653
483 500
3865 3862
10086 9992
7383 7386
1609 1618
9376 9411
7404 7411
10696 10705
7837 8432
6075 6432
304 305
6057 6072
6607 6610
9752 9761
6737 6751
6313 6314
2920 2919
1002 1018
333 204
1663 1678
6494 6235
7499 7248
1258 1259
403 409
1642 607
2599 2608
9614 9493
2922 2919
9041 9040
9943 9949
4196 4407
2970 2973
6459 6525
5945 6007
10480 6341
2538 2539
1258 1275
5882 5900
3330 3438
6527 6588
6075 6091
9981 9988
7013 7021
1224 596
3057 3143
1671 1682
2339 2349
7710 7713
6519 6211
9501 9503
2286 2291
490 542
5510 5530
1103 1398
6495 6502
5945 6018
657 663
6057 6058
7593 7599
6933 6921
8133 8114
6738 6753
9763 9797
7499 8542
8345 8388
8460 8471
6741 6779
3918 3924
6119 6056
6123 6200
3791 3794
2347 2503
5303 5466
5776 5850
3328 3387
9041 8786
191 281
556 652
10681 10764
5187 5203
11238 11257
8432 7493
790 788
4408 4411
3233 3247
28 27
6572 6574
10022 10109
9041 8861
1567 1574
3037 3052
6204 6243
7339 7340
2347 2509
6047 6527
8143 8224
3237 3222
6197 6208
6197 8724
3937 3832
2937 2923
894 902
7548 7549
5303 5465
5024 5029
6495 6499
5038 5098
3909 3972
907 899
2940 2917
2186 2222
6456 6231
11226 11361
3310 4092
2916 2924
10256 10301
3222 3233
1849 1919
6588 6696
1488 1608
8067 8075
6797 6736
5187 5197
9383 9381
6767 6866
9069 9085
4756 4768
2137 2139
3741 3754
5772 5769
7380 7294
6455 6051
5307 5299
785 828
4614 4616
4183 4188
4408 4417
746 1115
5932 6043
5836 5765
3644 3658
5882 5889
10587 10594
503 478
8752 8764
7444 7446
10397 10404
7394 8489
794 558
3225 3224
3562 6547
6437 10183
6233 6306
4141 4155
3863 3913
9040 9046
2398 2352
7499 7283
7444 7451
10678 10715
10397 10405
7488 7015
2624 2684
7362 8522
4496 4549
9943 9948
4429 4446
6494 9292
4932 4961
2989 3150
8273 8282
3791 3806
10007 10014
468 473
7389 7534
6700 6706
5912 5965
2076 2083
7227 7373
627 478
9044 8770
897 935
9552 9548
1720 1751
2737 2788
6116 423
7465 7468
5945 6013
4474 4478
1348 1448
10616 10628
5035 5249
14 90
10177 10175
7598 7687
3114 3054
1137 1878
4949 4944
2807 2816
6451 6196
2472 2476
10587 10099
5307 5294
8924 8935
3233 3222
177 179
9900 9918
7233 8361
9548 9546
782 558
3313 3413
9983 10100
7280 8027
9887 7867
1567 1584
9040 8788
9369 9388
9044 9052
4264 11189
9044 8918
1204 1209
6588 6574
10979 10986
6301 6053
10209 10183
10811 10820
5945 6017
4277 4279
5510 5527
3148 3150
2286 2292
7283 7525
6301 6126
1628 1579
471 530
10662 10671
7890 7897
9055 9062
3021 2990
9357 9371
6962 6972
9766 9774
10258 9054
5033 5055
1892 1904
1586 1588
5745 5756
3057 3040
9207 9214
2970 2977
7764 7835
10793 10619
4297 4305
8067 8071
10258 10256
2973 3129
1529 1542
6057 404
428 436
2891 2903
7598 7672
10001 10057
556 654
657 551
7248 7357
6548 6549
10025 10038
5308 5367
5308 5298
6569 6584
1470 1201
5035 5250
3328 3384
2920 3218
9383 9395
557 551
5308 5383
4923 4931
6198 6204
902 1061
7548 7562
6884 6898
821 786
1758 1806
5623 5715
6116 6359
587 561
711 723
9367 9361
9983 10096
9231 8929
165 100
10735 10709
1952 1963
8897 8903
11232 11237
6437 10247
333 130
4593 4613
10567 10572
9887 9895
7805 7813
6603 6723
4408 4428
1996 1992
1996 2064
1103 565
2374 2392
11144 11158
418 6119
10836 10841
10086 9981
9305 9312
10389 10129
711 561
4632 4644
9375 9358
3741 3746
6164 6167
750 1124
3114 3116
4196 4161
7925 7934
10206 10191
1309 1311
2606 2611
6743 6768
910 1052
4931 4926
165 170
9491 9510
598 606
1259 1103
3057 3043
10979 10990
2933 2935
7613 7628
7404 7409
9055 9058
6577 6555
8273 8278
6525 6459
9491 9506
8460 8480
7404 7424
7557 7737
15 144
9041 9093
11205 11237
3918 3925
4120 4080
10901 10909
7764 7239
10267 10373
5279 5316
5607 5693
790 795
6235 6494
4236 4242
1229 1247
468 469
1002 1003
264 167
822 856
7498 7803
10389 10391
217 21
1305 1384
9757 9852
6198 6215
6455 6049
8613 8626
1 4
1492 1507
7246 7253
6047 6528
10117 10132
4750 4635
5792 5769
6458 6306
6306 6198
9231 9236
1224 570
746 1110
3224 3225
5908 5927
2360 2363
177 185
5344 5350
8139 8134
4429 4441
6236 6296
1758 1793
8201 8245
10929 3562
7495 7523
752 754
7574 7706
647 675
9671 9687
10416 10609
2219 2217
3498 3505
5535 5522
6200 6233
6275 6122
6899 6902
7229 7286
4756 4759
7245 7786
6548 6564
3225 3278
911 907
5793 5768
6451 6235
8056 7283
8114 3973
5957 5964
2976 2970
4377 4389
10901 10918
8725 8729
6048 6186
11226 11360
2242 2244
3245 3232
11046 11055
8997 8978
9699 9709
2710 2723
9943 9954
7759 7282
7843 8533
899 910
5130 5145
3021 3033
7283 7299
10258 10253
9357 9434
1720 1755
482 528
1360 1361
7383 8391
6236 6123
331 304
10441 10459
3838 3967
7499 8544
896 920
5301 5383
5478 5496
1492 1510
4151 11332
9981 9992
406 404
8612 8695
9964 9980
9352 9359
5256 5269
2807 2825
896 909
6767 6797
9022 9025
6490 6049
2710 2722
5187 5206
6233 6049
4750 306
6767 6859
7287 7239
9250 6207
10256 10255
4258 4267
6218 6264
549 557
4932 4990
7109 7123
6772 6814
9765 9863
11165 11167
9446 9413
10117 10135
6486 6234
7563 7580
3 23
5179 5186
7283 7519
10399 10472
4879 4881
3597 3608
8622 8706
6486 6452
10834 10848
11021 11032
6456 6205
9522 9581
4297 4302
11205 11225
8790 8788
743 746
5296 5282
6389 6404
5535 5644
5551 5664
4922 4931
7246 7251
8114 8127
785 791
8942 8974
217 222
333 198
2453 2457
7837 7287
7245 7287
555 557
3224 3292
191 285
9541 9553
6607 6614
3698 3718
1892 1895
2374 2375
8861 9087
2339 2341
5836 5777
9413 9351
3644 3646
4550 4568
9069 8749
331 345
3310 4088
8087 8102
10834 10851
1758 1797
903 1084
2728 2742
8 63
5907 5931
7519 7380
1146 1930
10308 10313
7654 7667
7227 7246
11232 11225
3937 3939
10267 10377
6941 6945
746 1114
3647 3739
1585 1594
11088 11093
1012 1047
2615 2628
2517 2525
4941 4933
5836 5770
5532 5711
10209 10216
10835 10886
1992 2014
6275 6286
7076 7366
8158 8164
10017 10167
6119 6301
4514 4519
1550 1515
1628 1631
5035 5246
4571 4590
169 383
2921 2915
983 1027
89 28
8592 8606
4 8
1 6
3761 3771
9510 9492
3741 3750
9413 9381
89 100
4919 4923
5529 5623
5907 5904
8003 8009
8384 3763
7598 7670
2137 2144
1986 2005
468 475
9752 9755
2383 2407
10177 10171
471 475
11021 11035
6884 3258
503 508
4550 4560
11049 11126
10682 10712
6456 6306
9044 8863
7282 7982
3577 3595
11110 11123
7212 7220
1952 1971
9757 9850
1278 1280
406 6046
410 424
4923 4944
3241 3246
9803 9496
1204 1208
4514 4515
5607 5692
7559 7550
8861 9046
4496 4546
2492 2405
5162 5176
4335 4344
9541 9546
7383 7251
8133 8141
9199 2070
10445 10510
1348 1457
11110 11115
747 742
167 165
6525 6056
5344 5284
3698 3712
8142 8176
3452 3457
5302 5298
10794 10810
6236 6229
5515 5735
7574 7583
2347 2511
6048 6046
10032 10065
2041 2053
8779 8814
6127 6143
9614 9620
2922 2915
6236 6456
9330 9334
395 361
8820 9133
6198 6194
9732 9743
4 27
10017 10168
3865 3928
7192 7204
100 215
2710 63
587 1488
5499 5278
764 1194
1596 1599
1470 1472
3 26
7034 7042
1150 1162
7226 7228
4648 4649
7250 7429
1628 1600
2663 2664
8003 8007
587 944
7521 8436
8003 8013
403 404
8725 8745
6339 6386
1150 1167
5623 5712
7444 7462
3237 3273
10793 10798
8194 8201
6455 6126
5187 5194
8825 8838
8176 8183
2076 2094
5623 5723
9390 9470
9 75
306 330
657 550
7298 7304
5907 5954
5301 5385
5526 5615
7362 8526
2624 2686
2412 2419
6229 6056
4054 4059
7890 7899
8432 8447
7654 7664
7498 7799
5130 5142
2453 2455
3224 3267
8613 8619
5557 5550
5623 5725
2339 2351
11205 11235
898 904
4258 4260
764 1191
6772 6825
5344 5287
2938 3210
7168 7265
6738 6751
7283 7498
8554 8572
7109 7114
8980 9168
7557 7732
3358 3366
2517 2537
4054 4065
7250 7435
1992 2009
3627 3632
100 209
3235 3249
5515 5728
10684 10728
6519 6526
711 725
8942 8978
15 151
4236 4240
7766 7236
747 607
2197 2337
6366 10479
2938 2952
6230 9296
869 880
1408 1345
4817 4828
9811 9766
3865 3872
7598 7682
1305 1383
2924 2914
1064 1074
11238 11245
3549 3550
6572 6577
7287 7525
4941 4929
7248 7359
1408 1422
10025 10022
2538 2655
3455 3471
4236 4239
8432 8446
9671 9682
8790 8753
2927 2966
11065 11085
4929 4944
3741 3758
395 358
7283 7526
912 939
4496 4539
1755 1812
10184 10177
10258 9049
2853 2857
2076 2086
7287 7283
1300 1332
4297 4303
8731 2062
7074 7080
8575 8584
5912 5970
9800 9786
8142 8120
6548 6556
559 666
7233 8370
1137 1882
8145 8237
4571 4588
5301 5363
1305 1380
11204 11211
7034 7041
5058 5083
428 434
6084 6100
647 678
6299 6049
2923 3200
7557 7550
3632 3686
2530 2518
5776 5768
7710 7711
899 911
7925 7943
3627 3633
5764 5774
130 167
10295 10892
7852 7875
6757 6736
8145 8239
7238 7236
2916 2935
2615 110
6199 6229
556 563
2599 2551
1529 1540
4514 4529
4924 4928
898 974
1841 1847
9699 9706
10186 10191
7254 7498
3238 3242
7280 8042
7521 7491
5302 5433
6569 6571
6454 6491
10261 10354
4429 4435
10929 3566
10709 10778
2931 2934
9433 9351
1758 1720
182 248
7843 7076
9242 6486
1276 1408
5907 5949
7233 8368
7766 7495
1179 1225
8997 8999
1002 1008
557 659
6075 6425
7243 8550
6462 6463
8201 8199
11207 11214
1892 1902
8969 8947
7498 7380
5772 5799
1586 1761
5776 5848
8997 8929
5324 5338
8622 8711
9492 9532
2398 2409
1309 1323
10681 10761
4001 4016
688 765
3663 3672
5028 5110
2219 2177
10154 10126
6436 6441
5551 5669
7192 7198
10490 10491
3231 3233
3838 3951
2970 2989
7254 7382
8781 2072
5027 5030
4156 4268
6275 6290
3841 3844
5478 5483
9306 9326
7156 7160
1276 1463
9493 9498
10681 10678
8897 8899
2492 2393
4931 4930
3549 3551
1278 1292
5815 5830
711 712
2374 2390
10662 10666
2259 2314
10678 10706
1470 1479
8839 8847
2919 2923
58 57
10267 10352
58 9548
6921 6923
4377 4392
9501 9492
1137 1881
1936 1938
8056 8062
4779 4786
7805 7818
5058 5090
9381 9475
1300 1330
13 1
27 112
7236 7294
8176 2419
30 27
9044 8788
191 282
9 88
9492 9529
907 983
6057 6067
6194 6200
6057 6061
9800 9854
6084 6101
10480 10474
7238 7522
10022 9989
3597 3611
7495 7228
869 876
3517 404
5303 5298
11165 11181
6577 6596
420 407
4054 4069
8770 8748
6962 6966
428 435
3453 3525
789 795
6669 6675
6275 6280
894 900
6737 6755
4779 4782
2853 2854
10696 10702
7763 7240
8320 8328
2175 2239
1849 607
6738 414
8950 8951
3632 3690
1002 1021
2923 2933
9069 9071
9 87
1150 1168
8201 8192
9330 9336
6525 6521
7499 7525
2970 2981
11207 11217
183 250
9989 10028
8817 8890
617 529
6797 6827
11238 11256
10811 10826
5515 5743
8950 8957
2663 2676
785 808
3238 3245
2137 2152
8398 8401
7946 7957
1550 1558
5179 5183
3306 3312
2599 2663
5902 5907
7298 7312
7157 7178
3644 3659
2066 2160
11144 11161
564 734
8143 8138
6084 6094
3816 10937
9199 9224
4474 4312
9614 9617
4297 4299
2940 3201
182 243
7764 7254
794 791
8781 8988
10835 10837
2980 3064
5439 5298
9493 9495
11144 11157
2927 2968
5439 5287
4921 4926
6200 3562
5815 5818
5226 5236
10249 10265
3245 3242
791 781
2606 2542
3235 3254
8613 8622
7246 7245
3632 3628
1492 1496
5550 5558
9043 9040
903 1090
4756 4763
11144 11155
5904 5940
1705 1711
7013 7016
3330 3439
4859 4869
560 558
791 807
10086 10088
9989 10001
6084 6087
2927 2917
22 270
5308 5426
9069 9078
9384 9429
7192 7208
10696 10143
9584 9636
10901 10913
10841 10883
15 153
9925 9929
217 224
821 832
2492 2499
9384 9360
4631 4678
9 86
3233 3235
3247 3223
4614 4615
598 600
2916 2919
2383 2397
5770 5765
4817 4826
5027 5070
11213 11208
5370 5376
89 203
8645 8654
8860 8912
1488 1774
764 1202
5058 5088
4103 3398
2739 2775
3868 3903
564 549
555 731
8939 8942
911 924
6649 6657
4817 4818
10309 10357
6301 6056
6451 6454
977 932
4761 4899
9105 9109
2453 2459
11049 11129
10490 10505
416 411
7634 7651
9800 9753
897 904
1092 987
10441 10457
482 474
9671 9689
587 1490
4921 4949
9352 9360
5907 5956
8158 8170
565 553
5550 5561
3549 3555
130 333
9986 9999
2737 2873
7074 7088
9491 9500
5777 5841
10587 10605
4945 4979
977 896
7498 7795
2739 2771
6628 6632
6046 6083
6048 414
7298 7317
6628 6555
7925 7942
911 930
8288 8290
9306 9305
1092 1093
559 554
10985 11003
6737 6736
657 709
1252 10637
2921 2920
11213 11206
5478 5482
448 465
3037 3045
4931 4956
10394 10171
8939 8948
7034 7038
8142 8136
3455 3465
416 6341
217 220
6302 6524
8873 8879
5298 5301
191 181
6164 6171
569 587
7852 7869
7283 7242
9305 9307
10007 10021
6218 6241
7247 7397
3865 3934
977 998
8554 8562
2173 2181
2063 8753
5845 5768
13 137
10403 10448
2538 2540
8969 8980
2983 3074
6669 6679
750 1132
2973 3128
9811 9805
4196 4401
183 241
1642 1644
2728 2745
6884 6888
2921 2935
9384 9419
4927 4941
10929 10945
4103 4105
8645 8657
5510 5511
7764 7833
10389 10393
7227 7380
4141 4160
10857 10869
6242 6275
4698 4733
8613 8624
3909 3942
1408 1415
1310 1321
2199 2212
7227 7229
1777 1657
784 792
8133 8120
3245 3300
8398 8348
9242 9257
6218 6195
169 376
2517 2524
9501 9491
2066 2163
5793 5809
2095 2113
2919 2917
9350 9351
5028 5024
5439 5440
165 21
183 187
1529 1539
7404 7406
9755 9788
10188 10242
8666 8673
7192 7211
4838 4842
8939 8943
7805 7821
3225 3249
2933 2916
428 442
5301 5384
3820 3840
30 37
6123 6226
8176 8114
7574 7586
10836 10835
711 550
5108 5158
5108 5111
7488 7969
8345 8374
10117 10130
2173 2199
9181 9195
587 945
410 407
7130 7139
3644 3654
264 199
7053 7064
1310 1356
5344 5349
8817 8816
3838 3962
747 1143
395 397
9250 9255
2938 3209
4931 4922
9964 9970
5777 5778
7613 7631
8793 8796
9207 8978
7014 7013
6194 6204
1002 1010
8067 8076
5278 5418
10490 10494
2920 2921
2737 2725
6884 3263
6164 6169
11226 11364
912 971
2517 2533
3627 3628
2915 2919
4930 5019
5882 5898
560 567
9752 9765
9381 9374
899 916
1986 1991
1276 1461
9797 9842
8747 8752
3 9
10709 10783
10490 10498
1064 1066
7373 7388
4919 4936
7130 7142
2517 2520
1849 1912
4297 4310
6048 6179
5776 5766
9546 9550
1259 1299
169 371
7236 7228
10397 10410
651 1170
7227 7385
11226 11205
10086 10090
4838 4852
5745 5761
2924 2927
6456 6200
9919 9920
2453 2454
9943 9889
3114 3127
4711 4712
3937 3942
779 790
2985 3013
3318 3327
4264 11186
2343 2411
5772 5765
5519 5532
10647 10654
3822 3886
869 889
6495 6512
4941 4922
10295 10267
2749 2769
6196 6123
7254 7284
764 1199
7074 7076
9384 9423
9933 6327
5298 5308
554 665
1137 1149
428 438
5905 5919
7239 7245
5441 5455
7034 7051
9699 9710
1259 1304
4277 4287
9491 9496
3937 3873
11021 11037
5551 5670
2728 2746
10709 10782
10551 10565
7243 7248
165 175
9250 9261
6437 10243
2173 2223
7156 7165
8861 8776
10007 10010
6767 6862
8067 8070
9477 5276
4940 4992
9812 9828
7247 7228
130 342
6451 6056
6306 6488
6198 6222
6339 6238
598 613
569 584
894 896
7238 7788
1720 1656
10834 10836
7764 7785
2549 2559
9041 8862
4593 4596
2549 2693
1936 1940
5179 5192
428 439
9 79
5607 5695
2257 2266
5902 5908
2175 2190
2472 2491
6436 6449
7251 7246
2976 3177
6229 6226
7076 7379
6741 6737
7156 7176
4925 4969
8320 8329
8770 8775
8114 8126
7109 7119
2374 2389
2360 2362
6588 6575
3327 3306
1686 1693
9900 9911
6455 6208
2340 2389
10126 10138
5531 5535
8860 8920
3816 10942
4631 4682
5882 5884
6199 6253
3577 3587
7557 7734
5770 5780
2412 2415
9986 9983
10256 10306
6525 6539
5307 5368
894 899
6233 6492
1309 1324
2924 2926
6230 9299
3238 3052
5882 5899
2166 2180
9305 9310
2921 2916
3663 3676
6437 10245
1670 1737
2398 2343
4277 4289
5982 5983
2453 2461
4930 5021
7613 7623
3249 3266
5130 5136
6233 6197
6075 6423
5957 5903
9552 9549
2173 2244
3238 3241
3632 3695
1470 1476
2615 2611
6462 6229
4496 4538
912 962
552 649
6921 6939
3349 3418
10188 10214
4614 4622
10567 10431
4196 4204
1488 1770
1686 1699
808 796
3918 3920
3313 3414
5279 5323
6515 6195
8980 9159
7034 7048
182 244
1146 1822
7548 7554
6772 6824
3647 3727
1305 1391
2980 3061
2175 2197
983 1026
7157 7186
8747 8993
7383 7385
7759 7991
3042 3038
169 378
8139 8155
565 746
2832 2848
1 3
1758 607
4453 4467
8114 8118
7851 7861
420 421
8776 8788
9376 9360
783 861
3358 3369
1651 1861
2186 2224
6164 6165
7559 7586
902 899
10677 5260
89 202
1755 1808
2980 3068
9359 9371
7851 7857
9269 9288
5279 5281
6102 404
9358 9378
2219 2223
897 937
7559 7590
177 192
7238 7015
2970 2980
7034 7047
2549 2698
4312 4329
7855 7882
10331 9054
1103 1406
9919 9546
10172 10017
1585 1587
8044 8048
4408 4416
7851 7865
3021 2970
2913 2922
7739 7752
1103 1405
9269 9280
5920 5959
7444 7449
1258 1274
5226 5229
2924 2913
2940 2944
4151 11318
10184 10367
9699 9707
38 4699
6456 6056
6572 6569
7383 7291
5769 5786
651 561
1470 1480
6884 6893
183 177
1258 1269
6116 6360
9752 9766
7498 7800
7034 6995
9510 9569
5027 5061
750 1123
217 234
7373 7508
5308 5306
897 943
5957 6023
6515 6234
10256 10251
11204 11207
2374 2385
8781 8929
6899 6908
5543 5602
169 372
8288 8292
7157 7156
7157 7183
2242 2246
2749 2762
9900 9908
3661 3751
10399 10404
8969 8979
7388 7227
8645 8658
7013 7015
2186 2220
3037 3054
2973 3132
6527 6699
191 187
182 238
6456 6464
5769 5795
1394 1442
8820 9134
7759 7380
7318 7332
4514 4517
9433 9413
10309 10312
3313 3408
4632 4620
8044 8051
6204 6241
5303 5368
3809 3485
2710 2718
4838 4848
7598 7671
403 422
2118 2129
1394 1436
8142 8232
869 872
2737 2772
6123 6194
6341 410
4361 4368
9446 9460
7484 7380
2343 2389
8288 8295
9814 9846
10295 10889
9755 9780
7852 7851
1529 1530
747 754
4496 4507
3741 3751
6242 6210
4571 4582
2197 2331
1360 1364
1103 1397
10252 10161
6490 6123
8942 8772
10249 10261
4929 4962
5277 5296
3237 3245
10266 10274
10086 9991
6048 6192
30 109
3562 6122
3820 3822
8143 8115
9800 9794
10267 9157
4924 4920
8143 8137
2914 2923
4761 4907
58 64
8575 8578
10267 10250
557 648
3918 3871
4924 4921
4931 4961
9199 9230
8645 8653
6145 6159
7246 7232
11046 11062
8575 8585
2976 2974
10206 10213
9548 9589
5907 5951
2063 2062
1012 1039
2807 2820
9207 8726
7013 7024
1146 607
2788 2797
2915 2918
6200 6234
4929 4930
4750 11
8143 8226
1300 1259
4514 4526
5745 5758
7074 7090
3237 3232
10979 10980
7247 7362
7230 7254
2383 2395
598 611
7230 7519
3829 3879
6462 6306
4838 4840
2638 2618
10811 10828
9552 9554
3517 3569
8645 8663
627 646
3720 3649
3909 3897
4163 4165
6962 6976
789 782
1300 1328
8839 8853
5671 5673
8733 8754
2972 2996
2638 2648
2175 2188
566 659
1720 1663
3865 3868
5283 5366
808 782
1936 1939
10678 10707
2970 2984
10418 10425
1394 742
10841 10847
2663 2678
1224 587
6494 6486
7226 7233
7230 7826
2137 2142
6994 6970
910 983
3239 3241
571 959
183 252
8939 8929
165 173
5922 5910
4474 4480
3661 10973
7593 7598
7495 7489
10022 10114
6899 6915
5671 5680
8192 8202
8861 9048
8133 8136
7053 7054
5671 5676
5772 5795
6226 6227
8398 8409
787 840
6700 6712
2807 2812
8 66
8139 8186
7488 7020
6994 6980
8044 8052
1309 1322
78 132
1488 1767
7156 7161
5932 6032
6232 6296
4632 4637
4761 4913
3838 3953
6494 6234
7521 8444
3057 3144
3455 3475
4648 4660
6797 6836
5281 5296
8044 7776
2172 2194
471 477
7925 7927
10295 10898
6454 6200
3698 3711
5765 5785
7243 7355
5922 5966
1705 1716
8839 8849
9943 9953
6232 6056
4756 4771
6603 6733
15 148
2606 2558
7212 7216
7465 7467
6313 6246
6838 6844
5902 5922
4236 4241
7283 7287
10677 10752
2728 2739
2347 2513
3820 3834
2749 2755
3239 3249
7613 7614
6204 6218
4474 4475
3841 3857
2063 8747
5793 5814
6455 6486
5058 5080
1895 1897
4859 4875
2339 2355
2853 2856
783 793
7488 7804
2891 2902
6275 6284
6761 6762
182 185
5912 5959
2063 8748
9376 9408
2989 2972
5770 5777
564 550
6941 6960
784 821
5348 5371
1849 1923
5024 5037
15 14
5226 5227
4792 4810
4932 4955
4277 4293
2360 2370
8056 8061
8897 8910
9800 9802
781 790
10137 10146
9043 8790
3306 3326
8575 8588
2853 2868
3021 3025
3462 3538
10979 10994
9044 8776
3597 3604
4927 4945
14 98
9757 9854
747 745
6738 6747
5529 5631
7362 925
10309 10356
6230 9300
10331 10338
8791 8799
3627 3308
7634 7638
8133 8118
1488 1764
10252 10283
6437 6447
6899 6911
10841 10882
10956 10967
9477 9490
783 867
5277 5292
3453 3521
9358 9407
2788 2796
4631 4670
8554 8563
6649 6666
6941 6956
3016 3113
10929 3453
7851 7502
5765 5783
2340 2410
4756 4757
4648 4668
10256 10260
1663 1740
5531 5543
2937 2918
3630 3398
11238 11239
2624 2621
3239 3238
10266 9054
1567 1571
4312 4316
9699 9718
5108 5155
10567 10585
2492 2444
193 181
549 556
10172 10171
5845 5868
6357 6379
6466 6484
11267 11283
8087 8093
5845 5805
7925 7929
5296 5401
3462 3543
7256 7537
9360 9367
565 551
7243 7362
7890 7903
6341 6275
2927 2967
1259 1276
7766 8432
8612 8692
2918 2927
3809 3818
8781 8989
8791 8793
11204 11206
6495 6497
7034 7040
4614 304
790 558
3829 3867
11287 11299
821 831
2737 2875
490 541
6460 9095
5256 5266
8731 8748
5441 5446
6763 6869
6757 6787
8820 8821
5563 5568
3306 3314
406 6056
1849 1917
406 416
11213 11265
6399 6402
3327 3340
1821 1828
4838 4857
3249 3262
7014 7402
8118 8150
4156 4144
1305 1128
8114 8131
5348 5421
779 785
8201 8250
4925 4972
471 526
5130 5143
3238 3248
2179 2270
3455 3476
7246 7258
9671 9672
4593 4597
9375 9418
8939 8940
7766 7254
6196 6122
10794 6438
6204 6245
3909 3903
3231 3222
3937 3947
8997 8772
6737 6748
1986 2000
8613 8630
781 794
1755 1811
1229 1208
10480 10545
6164 6172
5162 5170
2606 2615
7911 7918
11046 11057
9552 9650
9044 9054
10025 10047
1895 1973
58 9610
3498 3511
7759 7228
1394 1307
7254 7239
6588 6693
553 551
782 785
9510 9500
5108 5109
5478 5493
4514 4528
8897 8898
4156 4149
6669 6296
4929 4940
6515 6516
7852 7284
11207 11301
10072 10079
6306 6242
4919 4922
2980 3065
1936 1941
3 31
9040 9045
4103 4117
3816 3460
2638 2567
11165 11174
10681 10758
5028 5025
2564 2576
3358 3367
3231 3303
9515 9525
657 647
9548 9592
7074 7087
6838 6842
4361 4369
2940 2918
6047 418
8003 8020
9369 9386
627 630
6772 6815
6357 6381
6494 6295
2179 2285
100 213
5815 5825
3233 3245
10682 10732
11049 11127
2219 2186
10834 10394
4949 4945
6204 6246
2095 2108
6057 6064
4453 4461
2931 2915
7233 8369
6772 6809
2989 3193
5279 5322
911 909
3698 3714
7946 7963
8158 8173
6302 6226
167 199
14 8
7613 7617
9546 9548
7495 7382
8151 8216
10177 10180
11226 11368
4151 11323
556 562
896 898
8288 8302
5302 5299
1 9
9900 9915
4196 4342
5845 5796
7383 7991
27 30
10188 10198
6302 6526
565 745
6757 6796
3 2
1529 1544
304 312
333 89
7394 7399
10007 10008
3233 3248
808 812
2343 2398
1550 1553
3829 3873
571 948
7488 7872
6577 6598
3232 3239
983 1031
8939 8866
5298 5302
4929 5011
7484 7491
3630 3789
9138 9150
3741 3744
2788 2803
4297 4308
2393 2389
6962 6977
649 550
4698 101
10184 10369
2927 2964
8969 8975
5034 5030
5302 5382
15 2
1642 1544
9107 8772
7890 7893
4277 4290
5526 5607
8779 8770
6235 6233
416 407
304 321
3841 3849
8939 8944
2063 8771
6962 6978
2923 2924
6527 6524
4264 11203
286 290
7465 7473
7230 7283
7764 7238
7548 7552
1567 1580
5836 5841
2173 2257
7250 7425
7282 7984
750 1133
8194 8315
6301 6302
9800 9765
7227 7291
5531 5541
100 207
10616 10620
8999 9180
5226 5032
3245 3243
11110 11118
130 101
331 355
2983 3073
3016 3102
9269 9276
557 658
7574 7702
565 748
3634 3635
7280 8004
165 102
7282 7985
8825 8826
7563 7574
1514 1527
6211 6122
9359 9273
7109 7128
6466 6482
7404 7415
2788 2798
6306 6457
4631 4676
9358 9374
8752 8726
4141 4151
5179 5185
7246 7229
2173 2309
1348 1454
5027 5067
4277 4278
8839 8844
9384 9428
897 909
9306 9307
1150 1158
6797 6831
10793 10796
3809 3505
10177 10181
9330 9337
3816 10940
8118 8143
3225 3223
1651 1872
7282 7974
6102 6112
10857 10863
4932 4981
6084 6088
6226 6122
5836 5842
6459 6452
9989 10022
6767 6832
10186 10201
7212 7218
3647 3738
5027 5069
4704 4705
5344 5353
2615 2635
5920 5981
1567 1579
10416 10606
9231 8782
177 190
7014 7395
4474 4354
9384 9422
22 273
3741 3749
2343 2354
6197 6200
9925 9930
10567 10574
10389 10184
11238 11247
6459 6458
5945 6014
3918 3840
9493 9512
6451 6452
7074 7078
6737 6744
5302 5437
2924 2932
6772 6822
2172 2193
4571 4572
7109 7129
8771 8775
6459 6453
1936 1946
5882 5794
5283 5360
10709 10779
1758 1796
7563 7576
9763 9789
570 571
10389 10177
7656 7697
11267 11286
2175 2189
5277 5280
6236 6226
2242 2247
6495 6513
7548 7559
2973 2211
4750 4752
10793 10804
1408 1412
10834 10835
3318 3348
9510 9502
1724 1731
7389 7386
5815 5829
10250 10291
4214 4223
4945 5008
6389 6393
10126 10148
566 688
165 166
6455 6453
6454 6194
9497 9572
10956 6330
78 394
7283 7245
9360 9414
6366 10488
8942 9039
2530 2517
3233 3256
6486 6197
8118 8152
418 6116
8666 8675
3245 3248
78 372
9983 9982
10985 11018
4961 4937
1585 587
4961 4983
1276 1258
5845 5770
5279 5320
2710 2727
5510 5521
796 790
8950 8965
4927 4925
559 696
9699 9717
11232 11205
4183 4195
2985 3006
6757 6785
2638 2639
10836 10137
7389 7363
8139 8187
10662 10664
8666 8672
2002 2117
2186 2219
6213 6268
217 219
5283 5361
27 107
3498 3512
14 96
2219 2232
4927 4931
10709 10776
2617 2619
9390 9408
8192 8211
7548 7550
10404 6049
8944 8942
1137 1883
5531 5548
38 4695
6313 6323
5543 5519
3937 3916
10025 10035
1992 2017
4941 4920
5296 5367
7593 7604
3816 10943
4929 4925
8194 8308
5296 5402
4142 4220
11213 11264
8258 8269
4120 4121
6302 6227
1310 1355
10210 10209
6164 6173
822 782
10394 10840
3644 3653
8554 8561
7394 8482
10397 10403
1394 1440
4183 4192
28 278
6588 6585
797 790
10694 10772
217 232
2933 2913
7739 7751
9350 9355
4949 4921
4879 4884
8997 8748
7339 7351
2976 3170
6048 6190
9381 9722
5277 5293
5499 5503
8613 8625
3698 3700
6603 6726
10309 10358
6761 6806
7852 7848
7598 7680
2492 2495
7109 7113
3016 3112
1686 1692
483 488
7613 7626
3498 3465
304 323
7238 7495
6515 6208
4614 9
5526 5613
10985 11019
10811 10818
1488 1571
7495 7294
2914 2942
10209 10234
1892 1906
3663 3674
9542 9547
4196 4174
428 411
8776 8777
11232 11207
6230 6122
8592 8594
9574 9605
10308 10321
4792 4808
3647 3632
2219 2220
6933 6985
3816 10938
9352 6049
6884 3223
1777 1690
6399 6095
5623 5726
2393 2357
100 216
4120 4132
1300 1333
4352 4502
483 490
5563 5579
10490 10492
6772 6808
6211 6126
781 789
6196 6226
8780 8771
8939 8748
8139 8143
1892 1903
5550 5554
3318 3353
4474 4489
3577 3584
8003 8010
11088 11104
4120 4127
1892 1897
6229 6235
6389 6394
2940 2914
2095 2109
9352 9350
3841 3847
7076 7372
4054 4064
2173 2175
4312 4324
8003 8017
4922 4933
6757 6792
10835 10849
418 404
6233 6195
6761 6740
11207 11291
5920 5978
5792 5877
7236 7283
2916 2918
898 975
2172 2196
6229 6122
9943 9944
742 565
647 566
4756 4761
10032 10064
5226 5239
10587 10596
764 1200
649 652
1146 1931
3498 3507
11021 11022
11165 11169
10901 10919
6962 6965
10252 10282
5764 5766
7380 7758
1777 1790
6797 6743
5908 5923
1529 1546
4312 4319
3232 3243
7156 7163
6700 6708
1724 1516
3232 3223
5563 5565
9811 9867
2538 2659
2788 2801
6301 6228
3249 3235
10267 10370
9763 9801
503 522
7710 7720
627 639
3841 3845
1514 1516
2938 2925
897 895
9964 9977
9384 9425
627 637
6211 6119
10696 10387
8320 8339
4945 4929
7383 8393
7763 7781
2970 2988
6233 6235
4236 4237
6921 6922
4335 4339
1137 747
2922 2952
286 300
8003 8008
8790 8862
2339 2342
8825 8831
5278 5416
7238 7764
6248 6199
1394 1443
2987 3182
7388 7842
428 430
4335 4337
10397 10416
5815 5828
750 746
5908 5906
6454 6460
11213 11263
6235 6236
5920 5917
8969 8976
3865 3933
4514 4522
587 952
5303 5469
8003 8011
2412 2425
10266 10273
2472 2480
8342 8359
2924 2935
2472 2484
9041 9046
3462 3541
11232 11313
6048 6183
8133 8127
14 95
1514 1522
10567 10586
7388 7228
8950 8967
4922 4940
2970 2974
4258 4259
688 770
9964 9975
571 953
4792 4801
177 21
1229 1250
5765 5770
3082 3092
5526 5617
9350 9368
571 895
3909 3871
2931 2913
14 93
4940 4993
4453 4455
6229 6126
9305 9316
11204 11216
7236 7522
6459 6524
4156 4340
10252 10267
10709 10780
6838 6851
9375 9669
4921 4954
5027 5041
8731 8865
3232 3246
9269 9281
5557 5638
7247 7396
3791 3799
113 126
2923 2919
6197 6235
4183 4187
7192 7210
5302 5303
9814 5627
743 751
2530 2544
10017 10164
3630 3764
8320 8331
559 565
1259 1301
10490 10129
1586 959
6772 6817
6515 6229
8771 8788
5436 5386
4156 4159
3224 3234
3310 4097
2938 3208
1259 1307
2585 2589
5278 5366
1208 1231
5179 5184
3349 3308
5278 5277
9069 9082
4750 4753
688 767
6230 9297
1309 1316
790 789
3634 3639
1103 1401
9542 9562
9900 9907
6838 6852
5793 5811
5793 5765
264 333
8044 8056
32 52
7890 7891
7230 7831
9360 9411
10172 10831
6399 6411
1996 2066
6603 6731
2453 2470
9574 9580
5776 5858
9996 9989
554 670
9105 9117
6462 6234
6075 6430
1777 1778
2219 2228
410 426
4859 4862
6941 6942
570 578
217 229
617 623
2985 3007
8194 8313
4156 4358
5908 5919
239 258
8622 8708
1952 1955
2095 2114
2739 2710
1492 1503
2166 2184
746 607
6235 6210
4919 4932
10399 10635
2985 3008
2585 2598
1408 1424
6495 6501
30 160
9375 9658
9522 9515
8288 8118
182 180
11226 11204
7852 7484
897 896
8460 8464
7634 7652
553 550
2118 1988
3225 3235
7404 7419
5033 5054
10857 10861
5296 5279
10793 10806
5532 5709
7444 7452
1992 2010
1092 1101
2921 2925
549 564
3452 3455
3597 3599
2076 2087
2788 2802
3791 3797
7484 7489
1670 561
8342 8353
3791 3796
9043 9089
6700 6714
1310 1345
1208 1236
2546 2559
10662 10668
6743 6759
9797 9843
10682 10676
2538 2530
7488 7967
7593 7548
3477 3485
10389 10118
3232 3237
8288 8304
10308 10311
2985 3014
3231 3225
1179 741
193 188
9919 9548
2663 2540
7488 7498
9105 8772
9542 9541
7076 7370
483 484
3042 3046
780 808
5532 5710
3225 3280
11207 11230
1609 1621
2412 2428
2066 2165
8781 8748
5510 5529
2624 2617
6700 6718
10956 10964
11287 11292
6211 3562
7766 7491
7230 7827
10403 10451
1 19
4183 4196
1064 1072
38 132
3761 3558
10475 10488
549 550
5024 5044
797 837
30 159
8873 8880
5815 5820
6515 6492
11021 11028
2472 2478
2922 2924
7318 7322
1470 1478
167 89
6763 6883
10587 10604
1892 1893
9943 9952
6213 6271
130 363
11205 11233
10154 10171
113 117
9360 9412
9 81
9887 9889
7557 7736
2638 2650
8592 8597
4001 4012
2985 2970
898 899
5344 5359
3937 3938
5162 5049
6299 6304
617 475
8753 8732
9446 9459
5027 5071
3057 3138
5904 5134
6459 6200
9446 9455
9367 9413
5028 5108
5301 5283
6297 6208
10267 9054
11110 11124
416 6046
8151 8214
3761 3777
1609 1616
22 269
3577 3585
9250 6306
2166 2182
11205 11230
9983 9987
9491 9503
9763 9786
898 978
2983 3021
9699 9701
5348 5420
28 109
4151 11326
10117 10124
403 419
10551 10552
1002 1004
5769 5791
4919 4939
8780 8816
559 553
4945 4925
6196 6451
4025 4043
333 357
7388 7381
10209 10231
2972 2995
8997 9001
3644 3660
8176 8179
4859 4872
899 894
587 571
5348 5372
7373 7291
8791 8795
5348 5349
4 42
4648 4665
9181 9185
1892 1898
8780 8779
9433 9434
750 1118
5104 5126
10616 10630
3661 10976
10709 10678
5531 5511
2393 2378
9765 9753
3974 3982
4361 4363
6232 6453
8731 8864
10086 9986
6232 9728
11204 11222
10793 9054
2173 2310
6884 6895
5035 5243
2095 2098
7074 7082
10841 10834
7805 7822
647 683
6313 6319
10007 10020
2343 2405
10025 10045
418 6125
217 228
3016 3109
2739 2725
2137 2156
6700 6707
6119 6053
4631 4687
8944 8748
7248 7362
6458 6235
8645 8664
4940 4921
6572 6585
785 781
27 106
11165 11168
571 945
7805 7816
9138 9147
11267 11275
5904 5947
9383 9407
3577 3586
3328 3394
38 4694
3057 3147
3816 3452
5038 5102
5108 5152
6737 6739
7283 7290
7805 7808
395 396
3816 10941
9875 9885
1642 1651
32 50
2585 2592
6459 6299
6233 6200
3477 3486
2398 2432
8969 8981
10567 10577
6603 6724
9766 9773
897 934
2259 2315
789 853
2339 2356
1470 1408
555 658
5308 5301
2916 2921
5815 5819
1936 1951
8044 8049
7444 7252
9357 9352
7283 7380
2918 2915
6572 6296
4838 4846
8645 8656
5882 5883
9375 9668
10394 10129
10616 10623
3816 3458
8825 8836
4792 4804
6548 6563
503 505
2980 3066
2343 2379
5912 5910
7156 7172
5777 5804
5344 5356
10681 10677
7236 7238
779 786
11213 11227
1208 1235
5815 5832
7394 8485
1310 1346
2175 2236
9925 6289
7248 7353
10126 9054
4496 4547
784 791
2398 2400
22 266
2517 2526
1224 561
239 256
2041 2045
5792 5805
2921 2919
9542 9548
4496 4504
3918 3926
4859 4861
10857 10377
5179 5167
688 566
6436 6445
9199 9225
1146 1932
10587 10591
1252 10639
10267 10266
5671 5678
6921 6934
5301 5289
9546 9587
9357 9361
750 1117
3918 3825
6933 6993
3328 3382
7634 7640
10172 10588
8158 8163
6519 6208
7557 7549
9207 9211
9964 9965
9330 9348
3462 3548
6962 6973
3462 3536
177 184
5982 5945
9330 9340
6341 10481
4929 4971
554 669
5302 5418
10677 5257
6451 6123
6495 6511
3562 6203
9231 8779
8817 8894
4949 4924
9996 9982
3327 3332
306 328
6194 6207
6738 6739
822 783
3225 3277
5551 5662
9433 9692
10834 9054
1278 1290
6490 6491
2360 2372
10841 10879
10857 10868
8779 8748
10416 10607
11238 11251
8398 8404
4923 5018
564 740
794 806
9384 9421
7053 7058
6490 6056
2728 2734
4593 4601
5510 5526
7563 7572
6145 404
9766 9772
2599 2709
9900 9914
6127 6133
6838 6853
9369 9358
9492 9526
6466 6480
5478 5492
2398 2434
3327 3308
7388 7291
6301 6122
6232 9731
7074 7084
6127 6130
9546 9552
6102 6107
7013 7022
7380 7761
8770 8778
784 820
553 554
8969 8978
6577 6575
10445 10521
7805 7812
3517 3574
403 412
4632 4638
6194 6205
688 551
3829 3866
9269 9273
651 1171
6218 6198
3328 3389
10696 10178
8969 8950
8176 8134
8731 8868
27 104
4648 4653
7380 7227
4925 4975
1278 1294
10678 10714
2066 2162
8151 8122
6436 6438
5366 5304
3809 3765
2913 2917
2242 2251
2118 2124
3452 3459
1849 1920
10258 10249
3477 3491
8950 8964
9800 9862
6994 7001
564 553
8969 8973
5308 5472
7251 7385
8494 8497
3791 3807
6486 6492
10441 10466
2339 2359
2517 2535
4151 11330
2931 2960
565 747
2914 2931
6197 6199
6494 6453
2891 2906
1137 742
4593 4599
4453 4463
3865 3931
10032 10025
556 554
10441 10464
11204 11220
565 743
2931 2957
627 628
4927 4922
2832 2844
8044 7230
7237 7249
5904 5907
3562 6207
11049 11137
3632 3379
3306 3322
5301 5300
7946 7954
10676 10685
130 22
4761 4911
1204 1206
565 751
8622 7825
9043 9087
5557 5567
6527 6526
6199 6196
8980 8978
9763 9799
4631 4672
3462 3455
1514 1518
4879 4890
1514 1520
3816 3596
6197 6451
3224 3281
10394 10177
1992 2019
5945 5927
2383 2357
10682 10721
10416 10584
5793 5798
1656 1673
6761 6805
5765 5787
10929 10952
32 47
10929 3454
9548 9542
5281 5282
5302 5367
5370 5377
9919 9924
1895 1974
898 907
549 561
2599 2706
9755 9783
9814 9848
113 123
7168 7272
794 808
10252 10250
4453 4457
1651 1867
5226 5237
8645 8647
2538 2517
6737 6746
9552 58
8273 8274
4258 4261
2340 2440
9231 9234
3865 3935
9943 9951
2749 2765
2259 2308
8342 8355
3239 3223
2340 2379
1103 1258
2398 2393
8780 2063
7237 7246
9269 9274
1488 1771
6460 6056
6838 6839
7226 7015
10985 11002
3452 3456
8494 8503
1849 1922
6490 6126
490 544
2937 2915
9875 9883
8158 8169
8273 8277
9515 9523
747 752
3937 3935
1300 1340
7076 7378
9105 9118
7613 7629
10126 10156
5108 5025
6486 6455
2347 2505
5920 5977
911 896
564 737
2002 2067
5515 5733
4945 4944
9250 9262
5370 5379
6757 6786
4930 4939
7156 7169
6519 6226
5905 5903
10331 10333
1550 1566
688 771
1103 1402
6649 6658
4025 4040
4711 4718
11287 11227
7318 7333
6994 6998
3647 3734
4156 4354
7229 7254
1258 1262
3231 3304
3224 3296
6127 6128
9330 9338
503 510
11049 11141
7563 7578
10681 10760
789 790
1179 576
9107 9106
2924 2919
4631 4679
5058 5089
2737 2874
6084 6095
3016 3100
9107 8726
10404 10405
2549 2546
7076 7085
11213 11211
2807 2818
5307 5304
6235 6492
9390 6049
5772 5771
10086 10028
2585 2587
9369 9367
6455 6233
5296 5403
3974 3989
9925 6246
7339 7347
2095 2104
1002 1011
2347 2342
10022 10113
4120 4122
9041 8753
78 384
570 593
406 6048
8780 8888
9367 9445
791 797
9501 9508
6495 6500
10841 10880
6145 6149
7233 7373
1585 1224
6084 6086
3231 3302
10490 10496
3057 3146
9413 9384
1305 1321
9800 9860
2360 2367
10551 10562
6577 6604
8201 8194
3237 3239
9989 10033
8087 8098
6389 6401
1585 1589
2020 2023
1179 659
1642 1623
2749 2754
10032 10022
2989 3074
6607 6625
2919 2916
5557 5640
9040 8771
11213 11260
331 322
395 165
113 130
2453 2458
8776 8747
4698 38
6218 6257
8950 8955
2920 3219
11110 11111
8460 8477
471 478
8087 8089
5279 5278
4945 5007
555 567
5478 5485
2219 2180
5907 5955
7318 7338
903 961
1348 1455
9759 9795
8 34
9964 9976
2931 2950
9107 8748
3816 3506
6462 6451
5836 5846
3037 3055
560 658
1686 561
420 6335
780 785
910 1049
7168 7266
9250 9263
4949 4929
9069 9073
6236 6486
2916 2923
8820 8818
5033 5024
8861 8788
7318 7331
13 8
9765 9812
5370 5381
4474 4490
2980 3071
1492 1495
4838 4856
239 182
10256 10307
7318 7320
2924 2923
5535 5543
3865 3903
9759 9796
7373 7076
6119 6534
571 949
8192 8207
5179 5190
1841 1859
10979 10985
10072 10083
2918 2923
7290 8636
6048 6182
6204 6242
11204 11209
9383 9396
903 931
5519 5590
7911 7916
5922 5908
3057 3140
10126 10150
11238 11244
6994 7009
9306 9321
1 2
7946 7948
1064 1075
6669 6674
5307 5462
8118 8154
5532 5708
3037 3038
9811 9865
1628 1639
743 596
5535 5651
6366 6116
5519 5510
6399 6100
8067 8081
6455 6485
9541 9544
6301 6231
11267 11273
5348 5285
9875 9881
6490 6462
5836 5786
10441 10452
6436 6439
9875 9880
6342 6330
790 782
7251 8370
4927 4919
651 1182
7256 7502
5882 5885
6302 6490
9105 9123
1586 571
8273 8275
5187 5196
5550 5555
2853 2867
2940 3221
7237 7229
10403 10407
2983 3079
3462 3545
617 625
8345 8385
557 559
9759 9766
10086 10001
910 919
2546 2554
10022 10025
7488 7534
1585 1586
7557 7735
7855 7880
552 556
6357 6377
4614 140
7130 7141
264 22
4940 4995
4923 4919
10206 10212
7076 7369
2980 3063
3549 3556
10404 10398
3330 3445
742 743
2985 3011
9390 9468
10793 10800
9522 9518
264 198
7805 7779
8781 8726
9022 9030
15 8
5519 5589
8398 8402
1271 1272
9501 9538
5441 5382
4163 4175
8752 8763
6299 6524
7843 7243
22 265
7287 7836
4103 3411
2173 2307
6047 406
5957 5919
6301 6304
3663 3671
7488 7388
2938 2940
7465 7404
10022 10110
3816 10944
587 958
9352 9377
10252 10255
5776 5852
787 841
10017 10159
6366 10473
4001 4006
6218 6056
8 60
5162 5172
10397 10399
9138 9149
10206 10211
9040 8790
3042 3041
4408 4412
2199 2218
5187 5075
8133 8142
8752 8732
2924 2946
746 1109
8771 8861
2615 2631
5563 5576
6761 6803
9981 9990
6548 6566
8460 8473
7855 7886
5298 5284
7290 7791
3452 3453
4698 4736
7238 7787
4648 4650
3822 3828
11334 11351
5907 5946
1252 10645
8944 8939
5815 5831
1271 1434
7851 7866
6197 6233
10249 10257
5532 5531
4711 4729
5905 5918
10404 10431
10480 10544
2606 2518
6196 6228
3517 3563
2173 2259
30 100
3909 3916
15 152
7248 7291
4258 4266
2920 2916
1394 1444
4838 4841
9983 9999
2599 2606
11088 11092
5776 5781
6569 6579
9933 6238
4514 4527
113 116
5439 5461
746 1107
10001 9996
808 809
6233 6488
5764 5765
4103 4113
3829 3869
4514 4523
8067 8084
3462 3535
4922 4927
790 826
7226 7234
2919 2922
6490 6231
780 807
7499 7830
7851 7855
9546 9545
2940 2941
1092 1096
764 1192
2972 2993
3057 3038
6164 6166
6761 6802
1686 1703
2076 2080
4593 4612
2940 2951
10001 10056
3597 3600
58 9561
1724 1735
6242 6219
6236 6494
6527 6579
896 916
821 779
4922 4944
5279 5284
5532 5701
3 30
11232 11314
651 1172
113 2
6232 6123
3974 3979
2914 2918
4838 4858
58 94
6102 6110
8820 8819
7254 7242
6299 6301
13 134
1348 1310
8791 8767
6313 6326
9369 9384
5563 5569
395 173
2987 3030
8645 7825
7074 7075
3453 3522
3232 3242
8258 8271
796 821
4932 4987
10681 10756
11287 11248
1671 1653
898 901
752 761
2832 2841
10616 10633
448 458
2339 2340
3021 3026
6743 6756
6490 6524
4361 4362
4453 4466
10794 10809
7256 7233
1276 1466
7613 7630
869 883
8612 8704
6306 6494
2913 2920
7495 8428
6046 416
9306 9325
4779 4787
3225 3229
10001 10051
4025 4037
4214 4233
7248 7243
10480 10549
7256 7311
2788 2728
7383 7536
6313 6329
7380 7760
2339 2353
6198 6195
5277 5290
3498 3502
9413 9435
9181 9190
6994 7010
10616 10621
3632 3647
784 786
8133 8135
4258 4169
10404 10412
5302 5435
10206 10214
6242 6307
2546 2562
217 231
8592 8605
5904 5943
3306 3318
11334 11340
743 1136
1895 1980
780 815
1992 1996
